 -9.7499999999999998E-001 -6.8471916263249596E-003 -6.8144937225217894E-003
 -9.2500000000000004E-001 -7.9284844682473599E-002 -7.9395226238511418E-002
 -8.7500000000000000E-001 -3.0337295200385161E-001 -3.0347908195850037E-001
 -8.2499999999999996E-001 -6.9662704793027608E-001 -6.9522697252369781E-001
 -7.7500000000000002E-001 -9.2071515551768690E-001 -9.2094743546980518E-001
 -7.2499999999999998E-001 -9.9315280851742616E-001 -9.9340200439345716E-001
 -6.7499999999999993E-001 -9.9438383401981056E-001 -9.9448507115621920E-001
 -6.2500000000000000E-001 -9.5708990647918468E-001 -9.5714288603779007E-001
 -5.7499999999999996E-001 -8.9644324128243347E-001 -8.9647513658559963E-001
 -5.2500000000000002E-001 -8.2076009801810956E-001 -8.2078681250587116E-001
 -4.7499999999999998E-001 -7.3522642428218299E-001 -7.3524392942781913E-001
 -4.2499999999999993E-001 -6.4344553777534164E-001 -6.4346507774654671E-001
 -3.7499999999999994E-001 -5.4818768740864310E-001 -5.4820769055169694E-001
 -3.2499999999999996E-001 -4.5181231259382482E-001 -4.5182580093073832E-001
 -2.7499999999999997E-001 -3.5655446222721532E-001 -3.5659889285762419E-001
 -2.2499999999999998E-001 -2.6477357572131699E-001 -2.6478200789414053E-001
 -1.7499999999999993E-001 -1.7923990198662942E-001 -1.7932417657268532E-001
 -1.2499999999999994E-001 -1.0355675872680441E-001 -1.0374889947325758E-001
 -7.4999999999999956E-002 -4.2910093552054107E-002 -4.3028656133293763E-002
 -2.4999999999999967E-002 -5.6161661065654272E-003 -5.6191883650487471E-003
  2.5000000000000022E-002 -6.8471916260291251E-003 -6.8144937225217660E-003
  7.5000000000000067E-002 -7.9284844681159303E-002 -7.9395226238511571E-002
  1.2500000000000011E-001 -3.0337295200035153E-001 -3.0347908195850026E-001
  1.7500000000000016E-001 -6.9662704792677344E-001 -6.9522697252369869E-001
  2.2500000000000009E-001 -9.2071515551639560E-001 -9.2094743546980551E-001
  2.7500000000000002E-001 -9.9315280851712218E-001 -9.9340200439345672E-001
  3.2500000000000007E-001 -9.9438383402002739E-001 -9.9448507115621887E-001
  3.7500000000000011E-001 -9.5708990647967918E-001 -9.5714288603778996E-001
  4.2500000000000016E-001 -8.9644324128314978E-001 -8.9647513658559963E-001
  4.7500000000000009E-001 -8.2076009801895378E-001 -8.2078681250587127E-001
  5.2500000000000002E-001 -7.3522642428312679E-001 -7.3524392942781902E-001
  5.7500000000000007E-001 -6.4344553777631042E-001 -6.4346507774654627E-001
  6.2500000000000011E-001 -5.4818768740964474E-001 -5.4820769055169649E-001
  6.7500000000000016E-001 -4.5181231259480908E-001 -4.5182580093073882E-001
  7.2500000000000009E-001 -3.5655446222817794E-001 -3.5659889285762408E-001
  7.7500000000000002E-001 -2.6477357572222660E-001 -2.6478200789414058E-001
  8.2500000000000007E-001 -1.7923990198746187E-001 -1.7932417657268521E-001
  8.7500000000000011E-001 -1.0355675872751148E-001 -1.0374889947325748E-001
  9.2500000000000016E-001 -4.2910093552571485E-002 -4.3028656133293715E-002
  9.7500000000000009E-001 -5.6161661067851039E-003 -5.6191883650487063E-003
