 -9.9843749999999998E-001  2.6894288884124723E-001
 -9.9531250000000004E-001  2.6361285163087766E-001
 -9.9218750000000000E-001  2.5828113198787961E-001
 -9.8906249999999996E-001  2.5294838880554860E-001
 -9.8593750000000002E-001  2.4761528119426540E-001
 -9.8281249999999998E-001  2.4228246834171016E-001
 -9.7968750000000004E-001  2.3695060937304638E-001
 -9.7656250000000000E-001  2.3162036321111265E-001
 -9.7343749999999996E-001  2.2629238843673971E-001
 -9.7031250000000002E-001  2.2096734314921301E-001
 -9.6718749999999998E-001  2.1564588482697847E-001
 -9.6406250000000004E-001  2.1032867018864240E-001
 -9.6093750000000000E-001  2.0501635505434621E-001
 -9.5781249999999996E-001  1.9970959420756662E-001
 -9.5468750000000002E-001  1.9440904125741479E-001
 -9.5156249999999998E-001  1.8911534850150691E-001
 -9.4843750000000004E-001  1.8382916678946176E-001
 -9.4531250000000000E-001  1.7855114538708633E-001
 -9.4218749999999996E-001  1.7328193184133656E-001
 -9.3906250000000002E-001  1.6802217184608187E-001
 -9.3593749999999998E-001  1.6277250910877389E-001
 -9.3281250000000004E-001  1.5753358521806188E-001
 -9.2968750000000000E-001  1.5230603951240665E-001
 -9.2656249999999996E-001  1.4709050894976708E-001
 -9.2343750000000002E-001  1.4188762797840493E-001
 -9.2031249999999998E-001  1.3669802840884940E-001
 -9.1718750000000004E-001  1.3152233928709189E-001
 -9.1406250000000000E-001  1.2636118676904701E-001
 -9.1093749999999996E-001  1.2121519399637896E-001
 -9.0781250000000002E-001  1.1608498097372955E-001
 -9.0468749999999998E-001  1.1097116444748202E-001
 -9.0156250000000004E-001  1.0587435778610033E-001
 -8.9843750000000000E-001  1.0079517086212350E-001
 -8.9531249999999996E-001  9.5734209935827097E-002
 -8.9218750000000002E-001  9.0692077540492633E-002
 -8.8906249999999998E-001  8.5669372369192823E-002
 -8.8593750000000004E-001  8.0666689162968264E-002
 -8.8281250000000000E-001  7.5684618600304815E-002
 -8.7968749999999996E-001  7.0723747187990182E-002
 -8.7656250000000002E-001  6.5784657153640166E-002
 -8.7343749999999998E-001  6.0867926340472493E-002
 -8.7031250000000004E-001  5.5974128105126385E-002
 -8.6718750000000000E-001  5.1103831219333110E-002
 -8.6406249999999996E-001  4.6257599775900486E-002
 -8.6093750000000002E-001  4.1435993098700545E-002
 -8.5781249999999998E-001  3.6639565655191636E-002
 -8.5468750000000004E-001  3.1868866968788982E-002
 -8.5156250000000000E-001  2.7124441527544344E-002
 -8.4843749999999996E-001  2.2406828685803758E-002
 -8.4531250000000002E-001  1.7716562557273809E-002
 -8.4218749999999998E-001  1.3054171901482106E-002
 -8.3906250000000004E-001  8.4201800105328656E-003
 -8.3593750000000000E-001  3.8151046080602577E-003
 -8.3281249999999996E-001 -7.6054267909532957E-004
 -8.2968750000000002E-001 -5.3062540668761520E-003
 -8.2656249999999998E-001 -9.8215284275064048E-003
 -8.2343750000000004E-001 -1.4305870983209708E-002
 -8.2031250000000000E-001 -1.8758792426052679E-002
 -8.1718749999999996E-001 -2.3179809264450114E-002
 -8.1406250000000002E-001 -2.7568443917132951E-002
 -8.1093749999999998E-001 -3.1924224803364966E-002
 -8.0781250000000004E-001 -3.6246686423321552E-002
 -8.0468750000000000E-001 -4.0535369427075640E-002
 -8.0156249999999996E-001 -4.4789820673438306E-002
 -7.9843750000000002E-001 -4.9009593281136840E-002
 -7.9531249999999998E-001 -5.3194246674894877E-002
 -7.9218750000000004E-001 -5.7343346628462771E-002
 -7.8906250000000000E-001 -6.1456465305888310E-002
 -7.8593749999999996E-001 -6.5533181301634685E-002
 -7.8281250000000002E-001 -6.9573079679640715E-002
 -7.7968749999999998E-001 -7.3575752011119724E-002
 -7.7656250000000004E-001 -7.7540796410786039E-002
 -7.7343750000000000E-001 -8.1467817571202791E-002
 -7.7031249999999996E-001 -8.5356426795003618E-002
 -7.6718750000000002E-001 -8.9206242024857760E-002
 -7.6406249999999998E-001 -9.3016887871114035E-002
 -7.6093750000000004E-001 -9.6787995637129129E-002
 -7.5781250000000000E-001 -1.0051920334231999E-001
 -7.5468749999999996E-001 -1.0421015574301148E-001
 -7.5156250000000002E-001 -1.0786050435112320E-001
 -7.4843749999999998E-001 -1.1146990745077133E-001
 -7.4531249999999993E-001 -1.1503803011280865E-001
 -7.4218750000000000E-001 -1.1856454420737064E-001
 -7.3906249999999996E-001 -1.2204912841441794E-001
 -7.3593750000000002E-001 -1.2549146823233565E-001
 -7.3281249999999998E-001 -1.2889125598458473E-001
 -7.2968749999999993E-001 -1.3224819082444753E-001
 -7.2656250000000000E-001 -1.3556197873787298E-001
 -7.2343749999999996E-001 -1.3883233254446098E-001
 -7.2031250000000002E-001 -1.4205897189660532E-001
 -7.1718749999999998E-001 -1.4524162327681919E-001
 -7.1406249999999993E-001 -1.4838001999328226E-001
 -7.1093750000000000E-001 -1.5147390217363862E-001
 -7.0781249999999996E-001 -1.5452301675706753E-001
 -7.0468750000000002E-001 -1.5752711748467355E-001
 -7.0156249999999998E-001 -1.6048596488821953E-001
 -6.9843749999999993E-001 -1.6339932627723297E-001
 -6.9531250000000000E-001 -1.6626697572453483E-001
 -6.9218749999999996E-001 -1.6908869405019800E-001
 -6.8906250000000002E-001 -1.7186426880400221E-001
 -6.8593749999999998E-001 -1.7459349424638185E-001
 -6.8281249999999993E-001 -1.7727617132793774E-001
 -6.7968750000000000E-001 -1.7991210766751803E-001
 -6.7656249999999996E-001 -1.8250111752891734E-001
 -6.7343750000000002E-001 -1.8504302179622301E-001
 -6.7031249999999998E-001 -1.8753764794784969E-001
 -6.6718749999999993E-001 -1.8998483002928152E-001
 -6.6406250000000000E-001 -1.9238440862458026E-001
 -6.6093749999999996E-001 -1.9473623082666955E-001
 -6.5781250000000002E-001 -1.9704015020644366E-001
 -6.5468749999999998E-001 -1.9929602678073460E-001
 -6.5156249999999993E-001 -2.0150372697916674E-001
 -6.4843750000000000E-001 -2.0366312360993707E-001
 -6.4531249999999996E-001 -2.0577409582455369E-001
 -6.4218750000000002E-001 -2.0783652908157141E-001
 -6.3906249999999998E-001 -2.0985031510934488E-001
 -6.3593749999999993E-001 -2.1181535186785219E-001
 -6.3281250000000000E-001 -2.1373154350960452E-001
 -6.2968749999999996E-001 -2.1559880033968926E-001
 -6.2656250000000002E-001 -2.1741703877497048E-001
 -6.2343749999999998E-001 -2.1918618130247702E-001
 -6.2031249999999993E-001 -2.2090615643702524E-001
 -6.1718750000000000E-001 -2.2257689867809138E-001
 -6.1406249999999996E-001 -2.2419834846597797E-001
 -6.1093750000000002E-001 -2.2577045213729255E-001
 -6.0781249999999998E-001 -2.2729316187979359E-001
 -6.0468749999999993E-001 -2.2876643568659316E-001
 -6.0156250000000000E-001 -2.3019023730980648E-001
 -5.9843749999999996E-001 -2.3156453621360421E-001
 -5.9531250000000002E-001 -2.3288930752676745E-001
 -5.9218749999999998E-001 -2.3416453199473777E-001
 -5.8906249999999993E-001 -2.3539019593117486E-001
 -5.8593750000000000E-001 -2.3656629116910602E-001
 -5.8281249999999996E-001 -2.3769281501163544E-001
 -5.7968750000000002E-001 -2.3876977018227702E-001
 -5.7656249999999998E-001 -2.3979716477492036E-001
 -5.7343749999999993E-001 -2.4077501220347935E-001
 -5.7031250000000000E-001 -2.4170333115120665E-001
 -5.6718749999999996E-001 -2.4258214551975008E-001
 -5.6406250000000002E-001 -2.4341148437793708E-001
 -5.6093749999999998E-001 -2.4419138191033693E-001
 -5.5781249999999993E-001 -2.4492187736559934E-001
 -5.5468750000000000E-001 -2.4560301500462192E-001
 -5.5156249999999996E-001 -2.4623484404855070E-001
 -5.4843750000000002E-001 -2.4681741862663656E-001
 -5.4531249999999998E-001 -2.4735079772398308E-001
 -5.4218749999999993E-001 -2.4783504512918436E-001
 -5.3906250000000000E-001 -2.4827022938190130E-001
 -5.3593749999999996E-001 -2.4865642372037949E-001
 -5.3281250000000002E-001 -2.4899370602892557E-001
 -5.2968749999999998E-001 -2.4928215878537882E-001
 -5.2656249999999993E-001 -2.4952186900857801E-001
 -5.2343750000000000E-001 -2.4971292820585922E-001
 -5.2031249999999996E-001 -2.4985543232058288E-001
 -5.1718750000000002E-001 -2.4994948167973449E-001
 -5.1406249999999998E-001 -2.4999518094158424E-001
 -5.1093749999999993E-001 -2.4999263904345159E-001
 -5.0781250000000000E-001 -2.4994196914957517E-001
 -5.0468749999999996E-001 -2.4984328859909488E-001
 -5.0156250000000002E-001 -2.4969671885419167E-001
 -4.9843749999999998E-001 -2.4950238544836409E-001
 -4.9531249999999999E-001 -2.4926041793488760E-001
 -4.9218750000000000E-001 -2.4897094983544196E-001
 -4.8906249999999996E-001 -2.4863411858894166E-001
 -4.8593749999999997E-001 -2.4825006550057174E-001
 -4.8281249999999998E-001 -2.4781893569104702E-001
 -4.7968749999999999E-001 -2.4734087804609581E-001
 -4.7656250000000000E-001 -2.4681604516620015E-001
 -4.7343749999999996E-001 -2.4624459331657431E-001
 -4.7031249999999997E-001 -2.4562668237742777E-001
 -4.6718749999999998E-001 -2.4496247579448971E-001
 -4.6406249999999999E-001 -2.4425214052982167E-001
 -4.6093750000000000E-001 -2.4349584701293925E-001
 -4.5781249999999996E-001 -2.4269376909221663E-001
 -4.5468749999999997E-001 -2.4184608398662014E-001
 -4.5156249999999998E-001 -2.4095297223776072E-001
 -4.4843749999999999E-001 -2.4001461766226753E-001
 -4.4531250000000000E-001 -2.3903120730451544E-001
 -4.4218749999999996E-001 -2.3800293138967560E-001
 -4.3906249999999997E-001 -2.3692998327713277E-001
 -4.3593749999999998E-001 -2.3581255941425816E-001
 -4.3281249999999999E-001 -2.3465085929053983E-001
 -4.2968750000000000E-001 -2.3344508539208783E-001
 -4.2656249999999996E-001 -2.3219544315651350E-001
 -4.2343749999999997E-001 -2.3090214092818837E-001
 -4.2031249999999998E-001 -2.2956538991389089E-001
 -4.1718749999999999E-001 -2.2818540413883825E-001
 -4.1406250000000000E-001 -2.2676240040311718E-001
 -4.1093749999999996E-001 -2.2529659823851045E-001
 -4.0781249999999997E-001 -2.2378821986572184E-001
 -4.0468749999999998E-001 -2.2223749015201699E-001
 -4.0156249999999993E-001 -2.2064463656925909E-001
 -3.9843749999999994E-001 -2.1900988915236078E-001
 -3.9531249999999996E-001 -2.1733348045815673E-001
 -3.9218749999999997E-001 -2.1561564552468274E-001
 -3.8906249999999998E-001 -2.1385662183087462E-001
 -3.8593749999999993E-001 -2.1205664925669221E-001
 -3.8281249999999994E-001 -2.1021597004365974E-001
 -3.7968749999999996E-001 -2.0833482875583018E-001
 -3.7656249999999997E-001 -2.0641347224117820E-001
 -3.7343749999999998E-001 -2.0445214959340810E-001
 -3.7031249999999993E-001 -2.0245111211419817E-001
 -3.6718749999999994E-001 -2.0041061327586721E-001
 -3.6406249999999996E-001 -1.9833090868446612E-001
 -3.6093749999999997E-001 -1.9621225604329459E-001
 -3.5781249999999998E-001 -1.9405491511685416E-001
 -3.5468749999999993E-001 -1.9185914769521439E-001
 -3.5156249999999994E-001 -1.8962521755881528E-001
 -3.4843749999999996E-001 -1.8735339044369342E-001
 -3.4531249999999997E-001 -1.8504393400712968E-001
 -3.4218749999999998E-001 -1.8269711779372494E-001
 -3.3906249999999993E-001 -1.8031321320189495E-001
 -3.3593749999999994E-001 -1.7789249345079397E-001
 -3.3281249999999996E-001 -1.7543523354765089E-001
 -3.2968749999999997E-001 -1.7294171025552998E-001
 -3.2656249999999998E-001 -1.7041220206150937E-001
 -3.2343749999999993E-001 -1.6784698914526655E-001
 -3.2031249999999994E-001 -1.6524635334809357E-001
 -3.1718749999999996E-001 -1.6261057814229840E-001
 -3.1406249999999997E-001 -1.5993994860103866E-001
 -3.1093749999999998E-001 -1.5723475136854251E-001
 -3.0781249999999993E-001 -1.5449527463074242E-001
 -3.0468749999999994E-001 -1.5172180808630500E-001
 -3.0156249999999996E-001 -1.4891464291805750E-001
 -2.9843749999999997E-001 -1.4607407176481299E-001
 -2.9531249999999998E-001 -1.4320038869359372E-001
 -2.9218749999999993E-001 -1.4029388917224453E-001
 -2.8906249999999994E-001 -1.3735487004244884E-001
 -2.8593749999999996E-001 -1.3438362949313351E-001
 -2.8281249999999997E-001 -1.3138046703427672E-001
 -2.7968749999999998E-001 -1.2834568347110478E-001
 -2.7656249999999993E-001 -1.2527958087868202E-001
 -2.7343749999999994E-001 -1.2218246257687955E-001
 -2.7031249999999996E-001 -1.1905463310571909E-001
 -2.6718749999999997E-001 -1.1589639820106459E-001
 -2.6406249999999998E-001 -1.1270806477065318E-001
 -2.6093749999999993E-001 -1.0948994087043765E-001
 -2.5781249999999994E-001 -1.0624233568122658E-001
 -2.5468749999999996E-001 -1.0296555948560666E-001
 -2.5156249999999997E-001 -9.9659923645147391E-002
 -2.4843749999999998E-001 -9.6325740577913474E-002
 -2.4531249999999993E-001 -9.2963323736316245E-002
 -2.4218749999999994E-001 -8.9572987585360087E-002
 -2.3906249999999996E-001 -8.6155047581371144E-002
 -2.3593749999999997E-001 -8.2709820151271887E-002
 -2.3281249999999998E-001 -7.9237622672460400E-002
 -2.2968749999999993E-001 -7.5738773453319211E-002
 -2.2656249999999994E-001 -7.2213591714291314E-002
 -2.2343749999999996E-001 -6.8662397569392047E-002
 -2.2031249999999997E-001 -6.5085512007920621E-002
 -2.1718749999999998E-001 -6.1483256876057261E-002
 -2.1406249999999993E-001 -5.7855954858009311E-002
 -2.1093749999999994E-001 -5.4203929456403663E-002
 -2.0781249999999996E-001 -5.0527504971783703E-002
 -2.0468749999999997E-001 -4.6827006481326511E-002
 -2.0156249999999998E-001 -4.3102759817247718E-002
 -1.9843749999999993E-001 -3.9355091545749628E-002
 -1.9531249999999994E-001 -3.5584328947685380E-002
 -1.9218749999999996E-001 -3.1790800002241930E-002
 -1.8906249999999997E-001 -2.7974833374752373E-002
 -1.8593749999999998E-001 -2.4136758409122876E-002
 -1.8281249999999993E-001 -2.0276905124310081E-002
 -1.7968749999999994E-001 -1.6395604212886137E-002
 -1.7656249999999996E-001 -1.2493187038265787E-002
 -1.7343749999999997E-001 -8.5699856257350181E-003
 -1.7031249999999998E-001 -4.6263326366199290E-003
 -1.6718749999999993E-001 -6.6256117341632393E-004
 -1.6406249999999994E-001  3.3209952344150501E-003
 -1.6093749999999996E-001  7.3240020282251839E-003
 -1.5781249999999997E-001  1.1346124667906939E-002
 -1.5468749999999998E-001  1.5387027681782307E-002
 -1.5156249999999993E-001  1.9446375101865601E-002
 -1.4843749999999994E-001  2.3523830501086501E-002
 -1.4531249999999996E-001  2.7619057008476767E-002
 -1.4218749999999997E-001  3.1731717312918163E-002
 -1.3906249999999998E-001  3.5861473660303615E-002
 -1.3593749999999993E-001  4.0007987848992038E-002
 -1.3281249999999994E-001  4.4170921227661662E-002
 -1.2968749999999996E-001  4.8349934698184736E-002
 -1.2656249999999997E-001  5.2544688724381318E-002
 -1.2343749999999998E-001  5.6754843345958400E-002
 -1.2031249999999993E-001  6.0980058195883202E-002
 -1.1718749999999994E-001  6.5219992519013364E-002
 -1.1406249999999996E-001  6.9474305189982266E-002
 -1.1093749999999997E-001  7.3742654728938276E-002
 -1.0781249999999998E-001  7.8024699314513404E-002
 -1.0468749999999993E-001  8.2320096794161690E-002
 -1.0156249999999994E-001  8.6628504692544211E-002
 -9.8437499999999956E-002  9.0949580218913625E-002
 -9.5312499999999967E-002  9.5282980274407930E-002
 -9.2187499999999978E-002  9.9628361459944206E-002
 -8.9062499999999933E-002  1.0398538008505254E-001
 -8.5937499999999944E-002  1.0835369217765217E-001
 -8.2812499999999956E-002  1.1273295349450536E-001
 -7.9687499999999967E-002  1.1712281953196312E-001
 -7.6562499999999978E-002  1.2152294553660682E-001
 -7.3437499999999933E-002  1.2593298651549145E-001
 -7.0312499999999944E-002  1.3035259724582920E-001
 -6.7187499999999956E-002  1.3478143228412431E-001
 -6.4062499999999967E-002  1.3921914597485338E-001
 -6.0937499999999978E-002  1.4366539245886886E-001
 -5.7812499999999933E-002  1.4811982568169380E-001
 -5.4687499999999944E-002  1.5258209940183337E-001
 -5.1562499999999956E-002  1.5705186719917519E-001
 -4.8437499999999967E-002  1.6152878248347877E-001
 -4.5312499999999978E-002  1.6601249850292724E-001
 -4.2187499999999933E-002  1.7050266835265007E-001
 -3.9062499999999944E-002  1.7499894498319388E-001
 -3.5937499999999956E-002  1.7950098120885344E-001
 -3.2812499999999967E-002  1.8400842971587750E-001
 -2.9687499999999978E-002  1.8852094307053185E-001
 -2.6562499999999933E-002  1.9303817372706086E-001
 -2.3437499999999944E-002  1.9755977403555605E-001
 -2.0312499999999956E-002  2.0208539624978952E-001
 -1.7187499999999967E-002  2.0661469253501033E-001
 -1.4062499999999978E-002  2.1114731497572839E-001
 -1.0937499999999933E-002  2.1568291558348338E-001
 -7.8124999999999445E-003  2.2022114630459927E-001
 -4.6874999999999556E-003  2.2476165902790604E-001
 -1.5624999999999667E-003  2.2930410559243494E-001
  1.5625000000000222E-003  2.3384813779508409E-001
  4.6875000000000666E-003  2.3839340739824208E-001
  7.8125000000001110E-003  2.4293956613738960E-001
  1.0937500000000044E-002  2.4748626572868596E-001
  1.4062499999999978E-002  2.5203315787653074E-001
  1.7187500000000022E-002  2.5657989428113931E-001
  2.0312500000000067E-002  2.6112612664610046E-001
  2.3437500000000111E-002  2.6567150668595424E-001
  2.6562500000000044E-002  2.7021568613376812E-001
  2.9687499999999978E-002  2.7475831674874057E-001
  3.2812500000000022E-002  2.7929905032379709E-001
  3.5937500000000067E-002  2.8383753869321893E-001
  3.9062500000000111E-002  2.8837343374028085E-001
  4.2187500000000044E-002  2.9290638740492114E-001
  4.5312499999999978E-002  2.9743605169143417E-001
  4.8437500000000022E-002  3.0196207867619390E-001
  5.1562500000000067E-002  3.0648412051541074E-001
  5.4687500000000111E-002  3.1100182945294003E-001
  5.7812500000000044E-002  3.1551485782812116E-001
  6.0937499999999978E-002  3.2002285808367886E-001
  6.4062500000000022E-002  3.2452548277365989E-001
  6.7187500000000067E-002  3.2902238457144367E-001
  7.0312500000000111E-002  3.3351321627779135E-001
  7.3437500000000044E-002  3.3799763082898693E-001
  7.6562499999999978E-002  3.4247528130501070E-001
  7.9687500000000022E-002  3.4694582093781168E-001
  8.2812500000000067E-002  3.5140890311963774E-001
  8.5937500000000111E-002  3.5586418141145609E-001
  8.9062500000000044E-002  3.6031130955144269E-001
  9.2187499999999978E-002  3.6474994146357698E-001
  9.5312500000000022E-002  3.6917973126630843E-001
  9.8437500000000067E-002  3.7360033328133158E-001
  1.0156250000000011E-001  3.7801140204244610E-001
  1.0468750000000004E-001  3.8241259230453384E-001
  1.0781249999999998E-001  3.8680355905262903E-001
  1.1093750000000002E-001  3.9118395751110902E-001
  1.1406250000000007E-001  3.9555344315299185E-001
  1.1718750000000011E-001  3.9991167170935676E-001
  1.2031250000000004E-001  4.0425829917887962E-001
  1.2343749999999998E-001  4.0859298183750109E-001
  1.2656250000000002E-001  4.1291537624823010E-001
  1.2968750000000007E-001  4.1722513927105970E-001
  1.3281250000000011E-001  4.2152192807305167E-001
  1.3593750000000004E-001  4.2580540013852780E-001
  1.3906249999999998E-001  4.3007521327945131E-001
  1.4218750000000002E-001  4.3433102564590981E-001
  1.4531250000000007E-001  4.3857249573678325E-001
  1.4843750000000011E-001  4.4279928241057254E-001
  1.5156250000000004E-001  4.4701104489637111E-001
  1.5468749999999998E-001  4.5120744280500946E-001
  1.5781250000000002E-001  4.5538813614038259E-001
  1.6093750000000007E-001  4.5955278531093641E-001
  1.6406250000000011E-001  4.6370105114134436E-001
  1.6718750000000004E-001  4.6783259488434825E-001
  1.7031249999999998E-001  4.7194707823281196E-001
  1.7343750000000002E-001  4.7604416333195160E-001
  1.7656250000000007E-001  4.8012351279175158E-001
  1.7968750000000011E-001  4.8418478969959833E-001
  1.8281250000000004E-001  4.8822765763311188E-001
  1.8593749999999998E-001  4.9225178067316955E-001
  1.8906250000000002E-001  4.9625682341717159E-001
  1.9218750000000007E-001  5.0024245099248399E-001
  1.9531250000000011E-001  5.0420832907014335E-001
  1.9843750000000016E-001  5.0815412387874115E-001
  2.0156250000000009E-001  5.1207950221858023E-001
  2.0468750000000002E-001  5.1598413147602773E-001
  2.0781250000000007E-001  5.1986767963812408E-001
  2.1093750000000011E-001  5.2372981530743845E-001
  2.1406250000000016E-001  5.2757020771713015E-001
  2.1718750000000009E-001  5.3138852674631332E-001
  2.2031250000000002E-001  5.3518444293564138E-001
  2.2343750000000007E-001  5.3895762750315068E-001
  2.2656250000000011E-001  5.4270775236037749E-001
  2.2968750000000016E-001  5.4643449012872358E-001
  2.3281250000000009E-001  5.5013751415609835E-001
  2.3593750000000002E-001  5.5381649853386439E-001
  2.3906250000000007E-001  5.5747111811400984E-001
  2.4218750000000011E-001  5.6110104852662257E-001
  2.4531250000000016E-001  5.6470596619767177E-001
  2.4843750000000009E-001  5.6828554836705358E-001
  2.5156250000000002E-001  5.7183947310694516E-001
  2.5468750000000007E-001  5.7536741934044389E-001
  2.5781250000000011E-001  5.7886906686052320E-001
  2.6093750000000016E-001  5.8234409634928996E-001
  2.6406250000000009E-001  5.8579218939753752E-001
  2.6718750000000002E-001  5.8921302852464308E-001
  2.7031250000000007E-001  5.9260629719875468E-001
  2.7343750000000011E-001  5.9597167985731503E-001
  2.7656250000000016E-001  5.9930886192791555E-001
  2.7968750000000009E-001  6.0261752984944805E-001
  2.8281250000000002E-001  6.0589737109364861E-001
  2.8593750000000007E-001  6.0914807418692474E-001
  2.8906250000000011E-001  6.1236932873254479E-001
  2.9218750000000016E-001  6.1556082543317947E-001
  2.9531250000000009E-001  6.1872225611377152E-001
  2.9843750000000002E-001  6.2185331374479225E-001
  3.0156250000000007E-001  6.2495369246581522E-001
  3.0468750000000011E-001  6.2802308760946868E-001
  3.0781250000000016E-001  6.3106119572574759E-001
  3.1093750000000009E-001  6.3406771460670674E-001
  3.1406250000000002E-001  6.3704234331149123E-001
  3.1718750000000007E-001  6.3998478219177113E-001
  3.2031250000000011E-001  6.4289473291753951E-001
  3.2343750000000016E-001  6.4577189850328631E-001
  3.2656250000000009E-001  6.4861598333455306E-001
  3.2968750000000002E-001  6.5142669319490376E-001
  3.3281250000000007E-001  6.5420373529323217E-001
  3.3593750000000011E-001  6.5694681829150570E-001
  3.3906250000000016E-001  6.5965565233287748E-001
  3.4218750000000009E-001  6.6232994907020881E-001
  3.4531250000000002E-001  6.6496942169499773E-001
  3.4843750000000007E-001  6.6757378496668007E-001
  3.5156250000000011E-001  6.7014275524236344E-001
  3.5468750000000016E-001  6.7267605050696566E-001
  3.5781250000000009E-001  6.7517339040374591E-001
  3.6093750000000002E-001  6.7763449626525951E-001
  3.6406250000000007E-001  6.8005909114473406E-001
  3.6718750000000011E-001  6.8244689984783946E-001
  3.7031250000000016E-001  6.8479764896488737E-001
  3.7343750000000009E-001  6.8711106690345547E-001
  3.7656250000000002E-001  6.8938688392141978E-001
  3.7968750000000007E-001  6.9162483216042014E-001
  3.8281250000000011E-001  6.9382464567972957E-001
  3.8593750000000016E-001  6.9598606049056910E-001
  3.8906250000000009E-001  6.9810881459083574E-001
  3.9218750000000002E-001  7.0019264800025971E-001
  3.9531250000000007E-001  7.0223730279598273E-001
  3.9843750000000011E-001  7.0424252314856894E-001
  4.0156250000000016E-001  7.0620805535844100E-001
  4.0468750000000009E-001  7.0813364789274158E-001
  4.0781250000000002E-001  7.1001905142260835E-001
  4.1093750000000007E-001  7.1186401886092121E-001
  4.1406250000000011E-001  7.1366830540040849E-001
  4.1718750000000016E-001  7.1543166855223206E-001
  4.2031250000000009E-001  7.1715386818496263E-001
  4.2343750000000002E-001  7.1883466656402273E-001
  4.2656250000000007E-001  7.2047382839148821E-001
  4.2968750000000011E-001  7.2207112084635416E-001
  4.3281250000000016E-001  7.2362631362522067E-001
  4.3593750000000009E-001  7.2513917898336355E-001
  4.3906250000000002E-001  7.2660949177625889E-001
  4.4218750000000007E-001  7.2803702950147142E-001
  4.4531250000000011E-001  7.2942157234100025E-001
  4.4843750000000016E-001  7.3076290320399950E-001
  4.5156250000000009E-001  7.3206080776991234E-001
  4.5468750000000002E-001  7.3331507453199429E-001
  4.5781250000000007E-001  7.3452549484124541E-001
  4.6093750000000011E-001  7.3569186295071287E-001
  4.6406250000000016E-001  7.3681397606021215E-001
  4.6718750000000009E-001  7.3789163436136906E-001
  4.7031250000000002E-001  7.3892464108313138E-001
  4.7343750000000007E-001  7.3991280253753966E-001
  4.7656250000000011E-001  7.4085592816596246E-001
  4.7968750000000016E-001  7.4175383058562605E-001
  4.8281250000000009E-001  7.4260632563650208E-001
  4.8593750000000002E-001  7.4341323242859259E-001
  4.8906250000000007E-001  7.4417437338948900E-001
  4.9218750000000011E-001  7.4488957431227709E-001
  4.9531250000000016E-001  7.4555866440379770E-001
  4.9843750000000009E-001  7.4618147633319720E-001
  5.0156250000000002E-001  7.4675784628076880E-001
  5.0468750000000007E-001  7.4728761398710852E-001
  5.0781250000000011E-001  7.4777062280257234E-001
  5.1093750000000016E-001  7.4820671973697750E-001
  5.1406250000000009E-001  7.4859575550959978E-001
  5.1718750000000002E-001  7.4893758459938609E-001
  5.2031250000000007E-001  7.4923206529548358E-001
  5.2343750000000011E-001  7.4947905974793227E-001
  5.2656250000000016E-001  7.4967843401859702E-001
  5.2968750000000009E-001  7.4983005813234727E-001
  5.3281250000000002E-001  7.4993380612838045E-001
  5.3593750000000007E-001  7.4998955611175699E-001
  5.3906250000000011E-001  7.4999719030509959E-001
  5.4218750000000016E-001  7.4995659510045665E-001
  5.4531250000000009E-001  7.4986766111128189E-001
  5.4843750000000002E-001  7.4973028322455859E-001
  5.5156250000000007E-001  7.4954436065304397E-001
  5.5468750000000011E-001  7.4930979698757438E-001
  5.5781250000000016E-001  7.4902650024946338E-001
  5.6093750000000009E-001  7.4869438294298829E-001
  5.6406250000000002E-001  7.4831336210786359E-001
  5.6718750000000007E-001  7.4788335937179251E-001
  5.7031250000000011E-001  7.4740430100298227E-001
  5.7343750000000016E-001  7.4687611796267384E-001
  5.7656250000000009E-001  7.4629874595762824E-001
  5.7968750000000002E-001  7.4567212549256534E-001
  5.8281250000000007E-001  7.4499620192252514E-001
  5.8593750000000011E-001  7.4427092550513041E-001
  5.8906250000000016E-001  7.4349625145275855E-001
  5.9218750000000009E-001  7.4267213998453474E-001
  5.9531250000000002E-001  7.4179855637819880E-001
  5.9843750000000007E-001  7.4087547102178442E-001
  6.0156250000000011E-001  7.3990285946506673E-001
  6.0468750000000016E-001  7.3888070247083104E-001
  6.0781250000000009E-001  7.3780898606582301E-001
  6.1093750000000002E-001  7.3668770159146413E-001
  6.1406250000000007E-001  7.3551684575424969E-001
  6.1718750000000011E-001  7.3429642067581591E-001
  6.2031250000000016E-001  7.3302643394264222E-001
  6.2343750000000009E-001  7.3170689865537897E-001
  6.2656250000000002E-001  7.3033783347775982E-001
  6.2968750000000007E-001  7.2891926268508367E-001
  6.3281250000000011E-001  7.2745121621219655E-001
  6.3593750000000016E-001  7.2593372970102965E-001
  6.3906250000000009E-001  7.2436684454756961E-001
  6.4218750000000002E-001  7.2275060794828960E-001
  6.4531250000000007E-001  7.2108507294600210E-001
  6.4843750000000011E-001  7.1937029847507805E-001
  6.5156250000000016E-001  7.1760634940604850E-001
  6.5468750000000009E-001  7.1579329658948954E-001
  6.5781250000000002E-001  7.1393121689926153E-001
  6.6093750000000007E-001  7.1202019327492605E-001
  6.6406250000000011E-001  7.1006031476347875E-001
  6.6718750000000016E-001  7.0805167656020773E-001
  6.7031250000000009E-001  7.0599438004875104E-001
  6.7343750000000002E-001  7.0388853284028263E-001
  6.7656250000000007E-001  7.0173424881178903E-001
  6.7968750000000011E-001  6.9953164814340674E-001
  6.8281250000000016E-001  6.9728085735480372E-001
  6.8593750000000009E-001  6.9498200934052867E-001
  6.8906250000000002E-001  6.9263524340437077E-001
  6.9218750000000007E-001  6.9024070529260018E-001
  6.9531250000000011E-001  6.8779854722611988E-001
  6.9843750000000016E-001  6.8530892793149256E-001
  7.0156250000000009E-001  6.8277201267077359E-001
  7.0468750000000002E-001  6.8018797327012726E-001
  7.0781250000000007E-001  6.7755698814723975E-001
  7.1093750000000011E-001  6.7487924233739449E-001
  7.1406250000000016E-001  6.7215492751828054E-001
  7.1718750000000009E-001  6.6938424203345037E-001
  7.2031250000000002E-001  6.6656739091435457E-001
  7.2343750000000007E-001  6.6370458590101544E-001
  7.2656250000000011E-001  6.6079604546121051E-001
  7.2968750000000016E-001  6.5784199480818828E-001
  7.3281250000000009E-001  6.5484266591686180E-001
  7.3593750000000002E-001  6.5179829753845020E-001
  7.3906250000000007E-001  6.4870913521354079E-001
  7.4218750000000011E-001  6.4557543128352524E-001
  7.4531250000000016E-001  6.4239744490038297E-001
  7.4843750000000009E-001  6.3917544203479904E-001
  7.5156250000000002E-001  6.3590969548254395E-001
  7.5468750000000007E-001  6.3260048486913423E-001
  7.5781250000000011E-001  6.2924809665268422E-001
  7.6093750000000016E-001  6.2585282412497756E-001
  7.6406250000000009E-001  6.2241496741069469E-001
  7.6718750000000002E-001  6.1893483346475953E-001
  7.7031250000000007E-001  6.1541273606782221E-001
  7.7343750000000011E-001  6.1184899581978602E-001
  7.7656250000000016E-001  6.0824394013139871E-001
  7.7968750000000009E-001  6.0459790321389573E-001
  7.8281250000000002E-001  6.0091122606656633E-001
  7.8593750000000007E-001  5.9718425646238760E-001
  7.8906250000000011E-001  5.9341734893153453E-001
  7.9218750000000016E-001  5.8961086474285906E-001
  7.9531250000000009E-001  5.8576517188325183E-001
  7.9843750000000002E-001  5.8188064503489900E-001
  8.0156250000000007E-001  5.7795766555039374E-001
  8.0468750000000011E-001  5.7399662142569685E-001
  8.0781250000000016E-001  5.6999790727093003E-001
  8.1093750000000009E-001  5.6596192427896297E-001
  8.1406250000000002E-001  5.6188908019180772E-001
  8.1718750000000007E-001  5.5777978926480065E-001
  8.2031250000000011E-001  5.5363447222851225E-001
  8.2343750000000016E-001  5.4945355624846359E-001
  8.2656250000000009E-001  5.4523747488254715E-001
  8.2968750000000002E-001  5.4098666803619710E-001
  8.3281250000000007E-001  5.3670158191528539E-001
  8.3593750000000011E-001  5.3238266897674380E-001
  8.3906250000000016E-001  5.2803038787688528E-001
  8.4218750000000009E-001  5.2364520341744603E-001
  8.4531250000000002E-001  5.1922758648933909E-001
  8.4843750000000007E-001  5.1477801401410328E-001
  8.5156250000000011E-001  5.1029696888309617E-001
  8.5468750000000016E-001  5.0578493989433448E-001
  8.5781250000000009E-001  5.0124242168711308E-001
  8.6093750000000002E-001  4.9666991467431237E-001
  8.6406250000000007E-001  4.9206792497244245E-001
  8.6718750000000011E-001  4.8743696432941075E-001
  8.7031250000000016E-001  4.8277755005006623E-001
  8.7343750000000009E-001  4.7809020491945947E-001
  8.7656250000000002E-001  4.7337545712391904E-001
  8.7968750000000007E-001  4.6863384016988513E-001
  8.8281250000000011E-001  4.6386589280055640E-001
  8.8593750000000016E-001  4.5907215891037628E-001
  8.8906250000000009E-001  4.5425318745733689E-001
  8.9218750000000002E-001  4.4940953237315751E-001
  8.9531250000000007E-001  4.4454175247136923E-001
  8.9843750000000011E-001  4.3965041135329308E-001
  9.0156250000000016E-001  4.3473607731197528E-001
  9.0468750000000009E-001  4.2979932323407916E-001
  9.0781250000000002E-001  4.2484072649980303E-001
  9.1093750000000007E-001  4.1986086888078816E-001
  9.1406250000000011E-001  4.1486033643615444E-001
  9.1718750000000016E-001  4.0983971940657998E-001
  9.2031250000000009E-001  4.0479961210656112E-001
  9.2343750000000002E-001  3.9974061281482592E-001
  9.2656250000000007E-001  3.9466332366298357E-001
  9.2968750000000011E-001  3.8956835052242067E-001
  9.3281250000000016E-001  3.8445630288951294E-001
  9.3593750000000009E-001  3.7932779376917469E-001
  9.3906250000000002E-001  3.7418343955679573E-001
  9.4218750000000007E-001  3.6902385991865022E-001
  9.4531250000000011E-001  3.6384967767076209E-001
  9.4843750000000016E-001  3.5866151865632573E-001
  9.5156250000000009E-001  3.5346001162172519E-001
  9.5468750000000002E-001  3.4824578809118872E-001
  9.5781250000000007E-001  3.4301948224014051E-001
  9.6093750000000011E-001  3.3778173076732620E-001
  9.6406250000000016E-001  3.3253317276572419E-001
  9.6718750000000009E-001  3.2727444959234636E-001
  9.7031250000000002E-001  3.2200620473695701E-001
  9.7343750000000007E-001  3.1672908368977337E-001
  9.7656250000000011E-001  3.1144373380823365E-001
  9.7968750000000016E-001  3.0615080418285107E-001
  9.8281250000000009E-001  3.0085094550225344E-001
  9.8593750000000002E-001  2.9554480991745319E-001
  9.8906250000000007E-001  2.9023305090541585E-001
  9.9218750000000011E-001  2.8491632313199339E-001
  9.9531250000000016E-001  2.7959528231427766E-001
  9.9843750000000009E-001  2.7427058508246333E-001
