 -9.7499999999999998E-001  2.2894934224433786E-001
 -9.2500000000000004E-001  1.4448442168359216E-001
 -8.7500000000000000E-001  6.3323816404796632E-002
 -8.2499999999999996E-001 -1.2067561845986466E-002
 -7.7500000000000002E-001 -7.9508426979383054E-002
 -7.2499999999999998E-001 -1.3720066344443321E-001
 -6.7499999999999993E-001 -1.8377571525182826E-001
 -6.2500000000000000E-001 -2.1830600955235779E-001
 -5.7499999999999996E-001 -2.4029154144093268E-001
 -5.2500000000000002E-001 -2.4962391326818245E-001
 -4.7499999999999998E-001 -2.4653768467591611E-001
 -4.2499999999999993E-001 -2.3155663026127302E-001
 -3.7499999999999994E-001 -2.0544060881458270E-001
 -3.2499999999999996E-001 -1.6913676029321073E-001
 -2.7499999999999997E-001 -1.2373702339528246E-001
 -2.2499999999999998E-001 -7.0442612634174381E-002
 -1.7499999999999993E-001 -1.0534556063786640E-002
 -1.2499999999999994E-001  5.4649453142131856E-002
 -7.4999999999999956E-002  1.2372992359667646E-001
 -2.4999999999999967E-002  1.9530386488834883E-001
  2.5000000000000022E-002  2.6795129150392477E-001
  7.5000000000000067E-002  3.4024613727663616E-001
  1.2500000000000011E-001  4.1076477491105690E-001
  1.7500000000000016E-001  4.7809446836960023E-001
  2.2500000000000009E-001  5.4084288831078409E-001
  2.7500000000000002E-001  5.9764994641010172E-001
  3.2500000000000007E-001  6.4720319375102131E-001
  3.7500000000000011E-001  6.8825791002128345E-001
  4.2500000000000016E-001  7.1966286263299317E-001
  4.7500000000000009E-001  7.4039252511349407E-001
  5.2500000000000002E-001  7.4958619957278927E-001
  5.7500000000000007E-001  7.4659384492414749E-001
  6.2500000000000011E-001  7.3102736031369653E-001
  6.7500000000000016E-001  7.0281457418448612E-001
  7.2500000000000009E-001  6.6225132189650926E-001
  7.7500000000000002E-001  6.1004501541761247E-001
  8.2500000000000007E-001  5.4734150401833037E-001
  8.7500000000000011E-001  4.7572648849432847E-001
  9.2500000000000016E-001  3.9719401764325846E-001
  9.7500000000000009E-001  3.1407812965829435E-001
