 -9.9843749999999998E-001  4.5617019349250071E-001
 -9.9531250000000004E-001  4.4828093015193737E-001
 -9.9218750000000000E-001  4.4028706484869040E-001
 -9.8906249999999996E-001  4.3219110998962179E-001
 -9.8593750000000002E-001  4.2399580065625364E-001
 -9.8281249999999998E-001  4.1570409731232366E-001
 -9.7968750000000004E-001  4.0731918746603557E-001
 -9.7656250000000000E-001  3.9884448619406065E-001
 -9.7343749999999996E-001  3.9028363544047989E-001
 -9.7031250000000002E-001  3.8164050201192268E-001
 -9.6718749999999998E-001  3.7291917420018456E-001
 -9.6406250000000004E-001  3.6412395697643629E-001
 -9.6093750000000000E-001  3.5525936571495109E-001
 -9.5781249999999996E-001  3.4633011842116568E-001
 -9.5468750000000002E-001  3.3734112645660708E-001
 -9.5156249999999998E-001  3.2829748377281714E-001
 -9.4843750000000004E-001  3.1920445468704095E-001
 -9.4531250000000000E-001  3.1006746025350235E-001
 -9.4218749999999996E-001  3.0089206330577345E-001
 -9.3906250000000002E-001  2.9168395226670052E-001
 -9.3593749999999998E-001  2.8244892384269987E-001
 -9.3281250000000004E-001  2.7319286473834781E-001
 -9.2968750000000000E-001  2.6392173254403473E-001
 -9.2656249999999996E-001  2.5464153596434558E-001
 -9.2343750000000002E-001  2.4535831456672902E-001
 -9.2031249999999998E-001  2.3607811823879371E-001
 -9.1718750000000004E-001  2.2680698654787443E-001
 -9.1406250000000000E-001  2.1755092819854224E-001
 -9.1093749999999996E-001  2.0831590078170159E-001
 -9.0781250000000002E-001  1.9910779100359272E-001
 -9.0468749999999998E-001  1.8993239557435204E-001
 -9.0156250000000004E-001  1.8079540292354704E-001
 -8.9843750000000000E-001  1.7170237589569420E-001
 -8.9531249999999996E-001  1.6265873556128488E-001
 -8.9218750000000002E-001  1.5366974626012958E-001
 -8.8906249999999998E-001  1.4474050197329386E-001
 -8.8593750000000004E-001  1.3587591409875782E-001
 -8.8281250000000000E-001  1.2708070068450925E-001
 -8.7968749999999996E-001  1.1835937715149782E-001
 -8.7656250000000002E-001  1.0971624851851661E-001
 -8.7343749999999998E-001  1.0115540312156898E-001
 -8.7031250000000004E-001  9.2680707802557952E-002
 -8.6718750000000000E-001  8.4295804525844661E-002
 -8.6406249999999996E-001  7.6004108367110135E-002
 -8.6093750000000002E-001  6.7808806806665289E-002
 -8.5781249999999998E-001  5.9712860249205225E-002
 -8.5468750000000004E-001  5.1719003683836758E-002
 -8.5156250000000000E-001  4.3829749392108167E-002
 -8.4843749999999996E-001  3.6047390607403487E-002
 -8.4531250000000002E-001  2.8374006026642536E-002
 -8.4218749999999998E-001  2.0811465074357445E-002
 -8.3906250000000004E-001  1.3361433819947902E-002
 -8.3593750000000000E-001  6.0253814509940353E-003
 -8.3281249999999996E-001 -1.1954127911407340E-003
 -8.2968750000000002E-001 -8.2998523028392432E-003
 -8.2656249999999998E-001 -1.5287015521069317E-002
 -8.2343750000000004E-001 -2.2156148115838634E-002
 -8.2031250000000000E-001 -2.8906655044256890E-002
 -8.1718749999999996E-001 -3.5538092531646269E-002
 -8.1406250000000002E-001 -4.2050160038523514E-002
 -8.1093749999999998E-001 -4.8442692265771560E-002
 -8.0781250000000004E-001 -5.4715651244030800E-002
 -8.0468750000000000E-001 -6.0869118547361115E-002
 -8.0156249999999996E-001 -6.6903287665630848E-002
 -7.9843750000000002E-001 -7.2818456564859579E-002
 -7.9531249999999998E-001 -7.8615020459966475E-002
 -7.9218750000000004E-001 -8.4293464819915967E-002
 -7.8906250000000000E-001 -8.9854358621273875E-002
 -7.8593749999999996E-001 -9.5298347862451352E-002
 -7.8281250000000002E-001 -1.0062614934761431E-001
 -7.7968749999999998E-001 -1.0583854474621522E-001
 -7.7656250000000004E-001 -1.1093637493138600E-001
 -7.7343750000000000E-001 -1.1592053459806136E-001
 -7.7031249999999996E-001 -1.2079196715954160E-001
 -7.6718750000000002E-001 -1.2555165991944373E-001
 -7.6406249999999998E-001 -1.3020063951434022E-001
 -7.6093750000000004E-001 -1.3473996762112858E-001
 -7.5781250000000000E-001 -1.3917073692210194E-001
 -7.5468749999999996E-001 -1.4349406731970821E-001
 -7.5156250000000002E-001 -1.4771110239248567E-001
 -7.4843749999999998E-001 -1.5182300608301208E-001
 -7.4531249999999993E-001 -1.5583095960838469E-001
 -7.4218750000000000E-001 -1.5973615858357973E-001
 -7.3906249999999996E-001 -1.6353981034787360E-001
 -7.3593750000000002E-001 -1.6724313148448219E-001
 -7.3281249999999998E-001 -1.7084734552372302E-001
 -7.2968749999999993E-001 -1.7435368082001951E-001
 -7.2656250000000000E-001 -1.7776336859334108E-001
 -7.2343749999999996E-001 -1.8107764112586894E-001
 -7.2031250000000002E-001 -1.8429773010496861E-001
 -7.1718749999999998E-001 -1.8742486510374989E-001
 -7.1406249999999993E-001 -1.9046027219098796E-001
 -7.1093750000000000E-001 -1.9340517266227542E-001
 -7.0781249999999996E-001 -1.9626078188481774E-001
 -7.0468750000000002E-001 -1.9902830824852297E-001
 -7.0156249999999998E-001 -2.0170895221634672E-001
 -6.9843749999999993E-001 -2.0430390546731203E-001
 -6.9531250000000000E-001 -2.0681435012586283E-001
 -6.9218749999999996E-001 -2.0924145807157163E-001
 -6.8906250000000002E-001 -2.1158639032357032E-001
 -6.8593749999999998E-001 -2.1385029649432993E-001
 -6.8281249999999993E-001 -2.1603431430782663E-001
 -6.7968750000000000E-001 -2.1813956917728805E-001
 -6.7656249999999996E-001 -2.2016717383810924E-001
 -6.7343750000000002E-001 -2.2211822803176953E-001
 -6.7031249999999998E-001 -2.2399381823678302E-001
 -6.6718749999999993E-001 -2.2579501744307820E-001
 -6.6406250000000000E-001 -2.2752288496631309E-001
 -6.6093749999999996E-001 -2.2917846629895958E-001
 -6.5781250000000002E-001 -2.3076279299511052E-001
 -6.5468749999999998E-001 -2.3227688258629464E-001
 -6.5156249999999993E-001 -2.3372173852556116E-001
 -6.4843750000000000E-001 -2.3509835015755726E-001
 -6.4531249999999996E-001 -2.3640769271221845E-001
 -6.4218750000000002E-001 -2.3765072732001283E-001
 -6.3906249999999998E-001 -2.3882840104681380E-001
 -6.3593749999999993E-001 -2.3994164694652523E-001
 -6.3281250000000000E-001 -2.4099138412983720E-001
 -6.2968749999999996E-001 -2.4197851784751856E-001
 -6.2656250000000002E-001 -2.4290393958679768E-001
 -6.2343749999999998E-001 -2.4376852717952771E-001
 -6.2031249999999993E-001 -2.4457314492084989E-001
 -6.1718750000000000E-001 -2.4531864369725981E-001
 -6.1406249999999996E-001 -2.4600586112299239E-001
 -6.1093750000000002E-001 -2.4663562168375142E-001
 -6.0781249999999998E-001 -2.4720873688690206E-001
 -6.0468749999999993E-001 -2.4772600541727058E-001
 -6.0156250000000000E-001 -2.4818821329784149E-001
 -5.9843749999999996E-001 -2.4859613405456504E-001
 -5.9531250000000002E-001 -2.4895052888474345E-001
 -5.9218749999999998E-001 -2.4925214682829266E-001
 -5.8906249999999993E-001 -2.4950172494143408E-001
 -5.8593750000000000E-001 -2.4969998847223651E-001
 -5.8281249999999996E-001 -2.4984765103763656E-001
 -5.7968750000000002E-001 -2.4994541480145072E-001
 -5.7656249999999998E-001 -2.4999397065305418E-001
 -5.7343749999999993E-001 -2.4999399838634451E-001
 -5.7031250000000000E-001 -2.4994616687871768E-001
 -5.6718749999999996E-001 -2.4985113426971714E-001
 -5.6406250000000002E-001 -2.4970954813916363E-001
 -5.6093749999999998E-001 -2.4952204568448172E-001
 -5.5781249999999993E-001 -2.4928925389703371E-001
 -5.5468750000000000E-001 -2.4901178973726681E-001
 -5.5156249999999996E-001 -2.4869026030853458E-001
 -5.4843750000000002E-001 -2.4832526302937719E-001
 -5.4531249999999998E-001 -2.4791738580419348E-001
 -5.4218749999999993E-001 -2.4746720719214127E-001
 -5.3906250000000000E-001 -2.4697529657417996E-001
 -5.3593749999999996E-001 -2.4644221431816149E-001
 -5.3281250000000002E-001 -2.4586851194188492E-001
 -5.2968749999999998E-001 -2.4525473227403990E-001
 -5.2656249999999993E-001 -2.4460140961299848E-001
 -5.2343750000000000E-001 -2.4390906988337957E-001
 -5.2031249999999996E-001 -2.4317823079037332E-001
 -5.1718750000000002E-001 -2.4240940197175653E-001
 -5.1406249999999998E-001 -2.4160308514759740E-001
 -5.1093749999999993E-001 -2.4075977426764206E-001
 -5.0781250000000000E-001 -2.3987995565631201E-001
 -5.0468749999999996E-001 -2.3896410815535990E-001
 -5.0156250000000002E-001 -2.3801270326416485E-001
 -4.9843749999999998E-001 -2.3702620527764842E-001
 -4.9531249999999999E-001 -2.3600507142182431E-001
 -4.9218750000000000E-001 -2.3494975198700407E-001
 -4.8906249999999996E-001 -2.3386069045865471E-001
 -4.8593749999999997E-001 -2.3273832364590619E-001
 -4.8281249999999998E-001 -2.3158308180777654E-001
 -4.7968749999999999E-001 -2.3039538877707735E-001
 -4.7656250000000000E-001 -2.2917566208205092E-001
 -4.7343749999999996E-001 -2.2792431306574185E-001
 -4.7031249999999997E-001 -2.2664174700316636E-001
 -4.6718749999999998E-001 -2.2532836321626187E-001
 -4.6406249999999999E-001 -2.2398455518665100E-001
 -4.6093750000000000E-001 -2.2261071066628282E-001
 -4.5781249999999996E-001 -2.2120721178593572E-001
 -4.5468749999999997E-001 -2.1977443516165263E-001
 -4.5156249999999998E-001 -2.1831275199908759E-001
 -4.4843749999999999E-001 -2.1682252819586281E-001
 -4.4531250000000000E-001 -2.1530412444190516E-001
 -4.4218749999999996E-001 -2.1375789631783815E-001
 -4.3906249999999997E-001 -2.1218419439142544E-001
 -4.3593749999999998E-001 -2.1058336431213534E-001
 -4.3281249999999999E-001 -2.0895574690384039E-001
 -4.2968750000000000E-001 -2.0730167825567147E-001
 -4.2656249999999996E-001 -2.0562148981107858E-001
 -4.2343749999999997E-001 -2.0391550845514325E-001
 -4.2031249999999998E-001 -2.0218405660014027E-001
 -4.1718749999999999E-001 -2.0042745226939501E-001
 -4.1406250000000000E-001 -1.9864600917948824E-001
 -4.1093749999999996E-001 -1.9684003682081805E-001
 -4.0781249999999997E-001 -1.9500984053655226E-001
 -4.0468749999999998E-001 -1.9315572160002134E-001
 -4.0156249999999993E-001 -1.9127797729054977E-001
 -3.9843749999999994E-001 -1.8937690096779194E-001
 -3.9531249999999996E-001 -1.8745278214459293E-001
 -3.9218749999999997E-001 -1.8550590655837249E-001
 -3.8906249999999998E-001 -1.8353655624111662E-001
 -3.8593749999999993E-001 -1.8154500958796296E-001
 -3.8281249999999994E-001 -1.7953154142442421E-001
 -3.7968749999999996E-001 -1.7749642307228333E-001
 -3.7656249999999997E-001 -1.7543992241417428E-001
 -3.7343749999999998E-001 -1.7336230395688745E-001
 -3.7031249999999993E-001 -1.7126382889343067E-001
 -3.6718749999999994E-001 -1.6914475516383895E-001
 -3.6406249999999996E-001 -1.6700533751482421E-001
 -3.6093749999999997E-001 -1.6484582755821897E-001
 -3.5781249999999998E-001 -1.6266647382827626E-001
 -3.5468749999999993E-001 -1.6046752183786567E-001
 -3.5156249999999994E-001 -1.5824921413354454E-001
 -3.4843749999999996E-001 -1.5601179034956508E-001
 -3.4531249999999997E-001 -1.5375548726083627E-001
 -3.4218749999999998E-001 -1.5148053883483359E-001
 -3.3906249999999993E-001 -1.4918717628252504E-001
 -3.3593749999999994E-001 -1.4687562810830304E-001
 -3.3281249999999996E-001 -1.4454612015894086E-001
 -3.2968749999999997E-001 -1.4219887567162900E-001
 -3.2656249999999998E-001 -1.3983411532106854E-001
 -3.2343749999999993E-001 -1.3745205726567342E-001
 -3.2031249999999994E-001 -1.3505291719288881E-001
 -3.1718749999999996E-001 -1.3263690836364786E-001
 -3.1406249999999997E-001 -1.3020424165597796E-001
 -3.1093749999999998E-001 -1.2775512560779564E-001
 -3.0781249999999993E-001 -1.2528976645887735E-001
 -3.0468749999999994E-001 -1.2280836819205604E-001
 -3.0156249999999996E-001 -1.2031113257363837E-001
 -2.9843749999999997E-001 -1.1779825919306734E-001
 -2.9531249999999998E-001 -1.1526994550185593E-001
 -2.9218749999999993E-001 -1.1272638685177998E-001
 -2.8906249999999994E-001 -1.1016777653239500E-001
 -2.8593749999999996E-001 -1.0759430580783243E-001
 -2.8281249999999997E-001 -1.0500616395294210E-001
 -2.7968749999999998E-001 -1.0240353828876861E-001
 -2.7656249999999993E-001 -9.9786614217383690E-002
 -2.7343749999999994E-001 -9.7155575256085744E-002
 -2.7031249999999996E-001 -9.4510603070991822E-002
 -2.6718749999999997E-001 -9.1851877510016930E-002
 -2.6406249999999998E-001 -8.9179576635268043E-002
 -2.6093749999999993E-001 -8.6493876754874147E-002
 -2.5781249999999994E-001 -8.3794952454237057E-002
 -2.5468749999999996E-001 -8.1082976626742048E-002
 -2.5156249999999997E-001 -7.8358120503938908E-002
 -2.4843749999999998E-001 -7.5620553685187289E-002
 -2.4531249999999993E-001 -7.2870444166802634E-002
 -2.4218749999999994E-001 -7.0107958370697512E-002
 -2.3906249999999996E-001 -6.7333261172546996E-002
 -2.3593749999999997E-001 -6.4546515929477633E-002
 -2.3281249999999998E-001 -6.1747884507302273E-002
 -2.2968749999999993E-001 -5.8937527307313428E-002
 -2.2656249999999994E-001 -5.6115603292658127E-002
 -2.2343749999999996E-001 -5.3282270014329065E-002
 -2.2031249999999997E-001 -5.0437683636751891E-002
 -2.1718749999999998E-001 -4.7581998962946681E-002
 -2.1406249999999993E-001 -4.4715369459404644E-002
 -2.1093749999999994E-001 -4.1837947281091109E-002
 -2.0781249999999996E-001 -3.8949883296619012E-002
 -2.0468749999999997E-001 -3.6051327112168123E-002
 -2.0156249999999998E-001 -3.3142427092364750E-002
 -1.9843749999999993E-001 -3.0223330382290199E-002
 -1.9531249999999994E-001 -2.7294182945560075E-002
 -1.9218749999999996E-001 -2.4355129628827618E-002
 -1.8906249999999997E-001 -2.1406314215633566E-002
 -1.8593749999999998E-001 -1.8447879359732463E-002
 -1.8281249999999993E-001 -1.5479966292079428E-002
 -1.7968749999999994E-001 -1.2502714388794148E-002
 -1.7656249999999996E-001 -9.5162609992431625E-003
 -1.7343749999999997E-001 -6.5207420252331762E-003
 -1.7031249999999998E-001 -3.5162932860414867E-003
 -1.6718749999999993E-001 -5.0305188114102551E-004
 -1.6406249999999994E-001  2.5188436432333132E-003
 -1.6093749999999996E-001  5.5492548345310111E-003
 -1.5781249999999997E-001  8.5880456783976860E-003
 -1.5468749999999998E-001  1.1635084011592450E-002
 -1.5156249999999993E-001  1.4690240965339591E-002
 -1.4843749999999994E-001  1.7753389051146394E-002
 -1.4531249999999996E-001  2.0824400499565261E-002
 -1.4218749999999997E-001  2.3903146920322402E-002
 -1.3906249999999998E-001  2.6989500018909467E-002
 -1.3593749999999993E-001  3.0083332385491334E-002
 -1.3281249999999994E-001  3.3184517742862921E-002
 -1.2968749999999996E-001  3.6292930776058101E-002
 -1.2656249999999997E-001  3.9408446941441820E-002
 -1.2343749999999998E-001  4.2530942426630997E-002
 -1.2031249999999993E-001  4.5660294179065079E-002
 -1.1718749999999994E-001  4.8796379905628087E-002
 -1.1406249999999996E-001  5.1939078043286992E-002
 -1.1093749999999997E-001  5.5088267735436430E-002
 -1.0781249999999998E-001  5.8243828819745457E-002
 -1.0468749999999993E-001  6.1405641815630727E-002
 -1.0156249999999994E-001  6.4573587908200170E-002
 -9.8437499999999956E-002  6.7747548932721433E-002
 -9.5312499999999967E-002  7.0927407360669950E-002
 -9.2187499999999978E-002  7.4113046285827350E-002
 -8.9062499999999933E-002  7.7304349410095244E-002
 -8.5937499999999944E-002  8.0501201029629335E-002
 -8.2812499999999956E-002  8.3703486021288381E-002
 -7.9687499999999967E-002  8.6911089829178237E-002
 -7.6562499999999978E-002  9.0123898451307555E-002
 -7.3437499999999933E-002  9.3341798426438943E-002
 -7.0312499999999944E-002  9.6564676821078624E-002
 -6.7187499999999956E-002  9.9792421216598093E-002
 -6.4062499999999967E-002  1.0302491969649852E-001
 -6.0937499999999978E-002  1.0626206083379319E-001
 -5.7812499999999933E-002  1.0950373367853337E-001
 -5.4687499999999944E-002  1.1274982774543946E-001
 -5.1562499999999956E-002  1.1600023300166509E-001
 -4.8437499999999967E-002  1.1925483985466753E-001
 -4.5312499999999978E-002  1.2251353914018923E-001
 -4.2187499999999933E-002  1.2577622211035214E-001
 -3.9062499999999944E-002  1.2904278042185499E-001
 -3.5937499999999956E-002  1.3231310612427477E-001
 -3.2812499999999967E-002  1.3558709164845126E-001
 -2.9687499999999978E-002  1.3886462979498806E-001
 -2.6562499999999933E-002  1.4214561372283155E-001
 -2.3437499999999944E-002  1.4542993693794568E-001
 -2.0312499999999956E-002  1.4871749328205960E-001
 -1.7187499999999967E-002  1.5200817692152260E-001
 -1.4062499999999978E-002  1.5530188233620659E-001
 -1.0937499999999933E-002  1.5859850430851585E-001
 -7.8124999999999445E-003  1.6189793791244925E-001
 -4.6874999999999556E-003  1.6520007850275076E-001
 -1.5624999999999667E-003  1.6850482170410833E-001
  1.5625000000000222E-003  1.7181206340044503E-001
  4.6875000000000666E-003  1.7512169972423997E-001
  7.8125000000001110E-003  1.7843362704594112E-001
  1.0937500000000044E-002  1.8174774196342491E-001
  1.4062499999999978E-002  1.8506394129149736E-001
  1.7187500000000022E-002  1.8838212205146190E-001
  2.0312500000000067E-002  1.9170218146074183E-001
  2.3437500000000111E-002  1.9502401692253249E-001
  2.6562500000000044E-002  1.9834752601551922E-001
  2.9687499999999978E-002  2.0167260648360857E-001
  3.2812500000000022E-002  2.0499915622573897E-001
  3.5937500000000067E-002  2.0832707328568620E-001
  3.9062500000000111E-002  2.1165625584193892E-001
  4.2187500000000044E-002  2.1498660219758231E-001
  4.5312499999999978E-002  2.1831801077022836E-001
  4.8437500000000022E-002  2.2165038008195864E-001
  5.1562500000000067E-002  2.2498360874930551E-001
  5.4687500000000111E-002  2.2831759547324609E-001
  5.7812500000000044E-002  2.3165223902922266E-001
  6.0937499999999978E-002  2.3498743825717205E-001
  6.4062500000000022E-002  2.3832309205158828E-001
  6.7187500000000067E-002  2.4165909935157964E-001
  7.0312500000000111E-002  2.4499535913093912E-001
  7.3437500000000044E-002  2.4833177038823664E-001
  7.6562499999999978E-002  2.5166823213690698E-001
  7.9687500000000022E-002  2.5500464339533196E-001
  8.2812500000000067E-002  2.5834090317694558E-001
  8.5937500000000111E-002  2.6167691048031910E-001
  8.9062500000000044E-002  2.6501256427925540E-001
  9.2187499999999978E-002  2.6834776351287715E-001
  9.5312500000000022E-002  2.7168240707568009E-001
  9.8437500000000067E-002  2.7501639380762438E-001
  1.0156250000000011E-001  2.7834962248416567E-001
  1.0468750000000004E-001  2.8168199180629694E-001
  1.0781249999999998E-001  2.8501340039057838E-001
  1.1093750000000002E-001  2.8834374675911317E-001
  1.1406250000000007E-001  2.9167292932954464E-001
  1.1718750000000011E-001  2.9500084640498170E-001
  1.2031250000000004E-001  2.9832739616395032E-001
  1.2343749999999998E-001  3.0165247665026923E-001
  1.2656250000000002E-001  3.0497598576291257E-001
  1.2968750000000007E-001  3.0829782124583627E-001
  1.3281250000000011E-001  3.1161788067777230E-001
  1.3593750000000004E-001  3.1493606146196990E-001
  1.3906249999999998E-001  3.1825226081591002E-001
  1.4218750000000002E-001  3.2156637576096492E-001
  1.4531250000000007E-001  3.2487830311200888E-001
  1.4843750000000011E-001  3.2818793946699198E-001
  1.5156250000000004E-001  3.3149518119644134E-001
  1.5468749999999998E-001  3.3479992443292872E-001
  1.5781250000000002E-001  3.3810206506047563E-001
  1.6093750000000007E-001  3.4140149870388142E-001
  1.6406250000000011E-001  3.4469812071799100E-001
  1.6718750000000004E-001  3.4799182617693730E-001
  1.7031249999999998E-001  3.5128250986325626E-001
  1.7343750000000002E-001  3.5457006625697518E-001
  1.7656250000000007E-001  3.5785438952460097E-001
  1.7968750000000011E-001  3.6113537350804487E-001
  1.8281250000000004E-001  3.6441291171346024E-001
  1.8593749999999998E-001  3.6768689730001192E-001
  1.8906250000000002E-001  3.7095722306854012E-001
  1.9218750000000007E-001  3.7422378145014168E-001
  1.9531250000000011E-001  3.7748646449467155E-001
  1.9843750000000016E-001  3.8074516385915197E-001
  2.0156250000000009E-001  3.8399977079605380E-001
  2.0468750000000002E-001  3.8725017614150820E-001
  2.0781250000000007E-001  3.9049627030340700E-001
  2.1093750000000011E-001  3.9373794324937827E-001
  2.1406250000000016E-001  3.9697508449469421E-001
  2.1718750000000009E-001  4.0020758309000537E-001
  2.2031250000000002E-001  4.0343532760900963E-001
  2.2343750000000007E-001  4.0665820613598586E-001
  2.2656250000000011E-001  4.0987610625319043E-001
  2.2968750000000016E-001  4.1308891502812878E-001
  2.3281250000000009E-001  4.1629651900071268E-001
  2.3593750000000002E-001  4.1949880417027374E-001
  2.3906250000000007E-001  4.2269565598244035E-001
  2.4218750000000011E-001  4.2588695931586007E-001
  2.4531250000000016E-001  4.2907259846880658E-001
  2.4843750000000009E-001  4.3225245714558636E-001
  2.5156250000000002E-001  4.3542641844284535E-001
  2.5468750000000007E-001  4.3859436483570119E-001
  2.5781250000000011E-001  4.4175617816369256E-001
  2.6093750000000016E-001  4.4491173961657571E-001
  2.6406250000000009E-001  4.4806092971997713E-001
  2.6718750000000002E-001  4.5120362832082739E-001
  2.7031250000000007E-001  4.5433971457263878E-001
  2.7343750000000011E-001  4.5746906692060768E-001
  2.7656250000000016E-001  4.6059156308652227E-001
  2.7968750000000009E-001  4.6370708005345784E-001
  2.8281250000000002E-001  4.6681549405031364E-001
  2.8593750000000007E-001  4.6991668053611757E-001
  2.8906250000000011E-001  4.7301051418413304E-001
  2.9218750000000016E-001  4.7609686886574804E-001
  2.9531250000000009E-001  4.7917561763417332E-001
  2.9843750000000002E-001  4.8224663270788504E-001
  3.0156250000000007E-001  4.8530978545385633E-001
  3.0468750000000011E-001  4.8836494637055239E-001
  3.0781250000000016E-001  4.9141198507069123E-001
  3.1093750000000009E-001  4.9445077026376894E-001
  3.1406250000000002E-001  4.9748116973830547E-001
  3.1718750000000007E-001  5.0050305034385956E-001
  3.2031250000000011E-001  5.0351627797278198E-001
  3.2343750000000016E-001  5.0652071754169903E-001
  3.2656250000000009E-001  5.0951623297272097E-001
  3.2968750000000002E-001  5.1250268717432734E-001
  3.3281250000000007E-001  5.1547994202207503E-001
  3.3593750000000011E-001  5.1844785833889295E-001
  3.3906250000000016E-001  5.2140629587513587E-001
  3.4218750000000009E-001  5.2435511328835738E-001
  3.4531250000000002E-001  5.2729416812268515E-001
  3.4843750000000007E-001  5.3022331678795320E-001
  3.5156250000000011E-001  5.3314241453847711E-001
  3.5468750000000016E-001  5.3605131545148010E-001
  3.5781250000000009E-001  5.3894987240519099E-001
  3.6093750000000002E-001  5.4183793705660488E-001
  3.6406250000000007E-001  5.4471535981884767E-001
  3.6718750000000011E-001  5.4758198983817519E-001
  3.7031250000000016E-001  5.5043767497064899E-001
  3.7343750000000009E-001  5.5328226175836137E-001
  3.7656250000000002E-001  5.5611559540531474E-001
  3.7968750000000007E-001  5.5893751975286365E-001
  3.8281250000000011E-001  5.6174787725475117E-001
  3.8593750000000016E-001  5.6454650895177061E-001
  3.8906250000000009E-001  5.6733325444590466E-001
  3.9218750000000002E-001  5.7010795187411745E-001
  3.9531250000000007E-001  5.7287043788165160E-001
  3.9843750000000011E-001  5.7562054759483938E-001
  4.0156250000000016E-001  5.7835811459349973E-001
  4.0468750000000009E-001  5.8108297088282357E-001
  4.0781250000000002E-001  5.8379494686474964E-001
  4.1093750000000007E-001  5.8649387130886543E-001
  4.1406250000000011E-001  5.8917957132277921E-001
  4.1718750000000016E-001  5.9185187232197001E-001
  4.2031250000000009E-001  5.9451059799908534E-001
  4.2343750000000002E-001  5.9715557029270006E-001
  4.2656250000000007E-001  5.9978660935551331E-001
  4.2968750000000011E-001  6.0240353352195597E-001
  4.3281250000000016E-001  6.0500615927521206E-001
  4.3593750000000009E-001  6.0759430121364766E-001
  4.3906250000000002E-001  6.1016777201662242E-001
  4.4218750000000007E-001  6.1272638240963750E-001
  4.4531250000000011E-001  6.1526994112888156E-001
  4.4843750000000016E-001  6.1779825488508899E-001
  4.5156250000000009E-001  6.2031112832674185E-001
  4.5468750000000002E-001  6.2280836400257933E-001
  4.5781250000000007E-001  6.2528976232336619E-001
  4.6093750000000011E-001  6.2775512152300827E-001
  4.6406250000000016E-001  6.3020423761885691E-001
  4.6718750000000009E-001  6.3263690437128772E-001
  4.7031250000000002E-001  6.3505291324253887E-001
  4.7343750000000007E-001  6.3745205335473665E-001
  4.7656250000000011E-001  6.3983411144706515E-001
  4.7968750000000016E-001  6.4219887183220303E-001
  4.8281250000000009E-001  6.4454611635184389E-001
  4.8593750000000002E-001  6.4687562433139056E-001
  4.8906250000000007E-001  6.4918717253373870E-001
  4.9218750000000011E-001  6.5148053511220672E-001
  4.9531250000000016E-001  6.5375548356248081E-001
  4.9843750000000009E-001  6.5601178667366222E-001
  5.0156250000000002E-001  6.5824921047834062E-001
  5.0468750000000007E-001  6.6046751820167526E-001
  5.0781250000000011E-001  6.6266647020947111E-001
  5.1093750000000016E-001  6.6484582395521641E-001
  5.1406250000000009E-001  6.6700533392609773E-001
  5.1718750000000002E-001  6.6914475158789788E-001
  5.2031250000000007E-001  6.7126382532883178E-001
  5.2343750000000011E-001  6.7336230040223111E-001
  5.2656250000000016E-001  6.7543991886808108E-001
  5.2968750000000009E-001  6.7749641953340911E-001
  5.3281250000000002E-001  6.7953153789146359E-001
  5.3593750000000007E-001  6.8154500605963309E-001
  5.3906250000000011E-001  6.8353655271615588E-001
  5.4218750000000016E-001  6.8550590303553416E-001
  5.4531250000000009E-001  6.8745277862266563E-001
  5.4843750000000002E-001  6.8937689744556774E-001
  5.5156250000000007E-001  6.9127797376683453E-001
  5.5468750000000011E-001  6.9315571807365284E-001
  5.5781250000000016E-001  6.9500983700636654E-001
  5.6093750000000009E-001  6.9684003328565214E-001
  5.6406250000000002E-001  6.9864600563820478E-001
  5.6718750000000007E-001  7.0042744872085239E-001
  5.7031250000000011E-001  7.0218405304320775E-001
  5.7343750000000016E-001  7.0391550488869226E-001
  5.7656250000000009E-001  7.0562148623397158E-001
  5.7968750000000002E-001  7.0730167466678218E-001
  5.8281250000000007E-001  7.0895574330204447E-001
  5.8593750000000011E-001  7.1058336069629191E-001
  5.8906250000000016E-001  7.1218419076040740E-001
  5.9218750000000009E-001  7.1375789267050294E-001
  5.9531250000000002E-001  7.1530412077709837E-001
  5.9843750000000007E-001  7.1682252451243700E-001
  6.0156250000000011E-001  7.1831274829587588E-001
  6.0468750000000016E-001  7.1977443143747144E-001
  6.0781250000000009E-001  7.2120720803960636E-001
  6.1093750000000002E-001  7.2261070689659967E-001
  6.1406250000000007E-001  7.2398455139240947E-001
  6.1718750000000011E-001  7.2532835939623297E-001
  6.2031250000000016E-001  7.2664174315609942E-001
  6.2343750000000009E-001  7.2792430919036222E-001
  6.2656250000000002E-001  7.2917565817707697E-001
  6.2968750000000007E-001  7.3039538484121047E-001
  6.3281250000000011E-001  7.3158307783968390E-001
  6.3593750000000016E-001  7.3273831964423430E-001
  6.3906250000000009E-001  7.3386068642202618E-001
  6.4218750000000002E-001  7.3494974791400947E-001
  6.4531250000000007E-001  7.3600506731103765E-001
  6.4843750000000011E-001  7.3702620112761397E-001
  6.5156250000000016E-001  7.3801269907338629E-001
  6.5468750000000009E-001  7.3896410392230338E-001
  6.5781250000000002E-001  7.3987995137942186E-001
  6.6093750000000007E-001  7.4075976994532255E-001
  6.6406250000000011E-001  7.4160308077821413E-001
  6.6718750000000016E-001  7.4240939755363133E-001
  6.7031250000000009E-001  7.4317822632179720E-001
  6.7343750000000002E-001  7.4390906536260026E-001
  6.7656250000000007E-001  7.4460140503820982E-001
  6.7968750000000011E-001  7.4525472764339129E-001
  6.8281250000000016E-001  7.4586850725348242E-001
  6.8593750000000009E-001  7.4644220957005258E-001
  6.8906250000000002E-001  7.4697529176437039E-001
  6.9218750000000007E-001  7.4746720231857045E-001
  6.9531250000000011E-001  7.4791738086475279E-001
  6.9843750000000016E-001  7.4832525802189898E-001
  7.0156250000000009E-001  7.4869025523078236E-001
  7.0468750000000002E-001  7.4901178458694484E-001
  7.0781250000000007E-001  7.4928924867178981E-001
  7.1093750000000011E-001  7.4952204038189019E-001
  7.1406250000000016E-001  7.4970954275672375E-001
  7.1718750000000009E-001  7.4985112880485394E-001
  7.2031250000000002E-001  7.4994616132879344E-001
  7.2343750000000007E-001  7.4999399274863776E-001
  7.2656250000000011E-001  7.4999396492475712E-001
  7.2968750000000016E-001  7.4994540897967132E-001
  7.3281250000000009E-001  7.4984764511940749E-001
  7.3593750000000002E-001  7.4969998245450442E-001
  7.3906250000000007E-001  7.4950171882105654E-001
  7.4218750000000011E-001  7.4925214060203449E-001
  7.4531250000000016E-001  7.4895052254926175E-001
  7.4843750000000009E-001  7.4859612760644401E-001
  7.5156250000000002E-001  7.4818820673355368E-001
  7.5468750000000007E-001  7.4772599873318601E-001
  7.5781250000000011E-001  7.4720873007929400E-001
  7.6093750000000016E-001  7.4663561474879447E-001
  7.6406250000000009E-001  7.4600585405676179E-001
  7.6718750000000002E-001  7.4531863649571350E-001
  7.7031250000000007E-001  7.4457313757984678E-001
  7.7343750000000011E-001  7.4376851969482882E-001
  7.7656250000000016E-001  7.4290393195405124E-001
  7.7968750000000009E-001  7.4197851006227022E-001
  7.8281250000000002E-001  7.4099137618755317E-001
  7.8593750000000007E-001  7.3994163884256681E-001
  7.8906250000000011E-001  7.3882839277644208E-001
  7.9218750000000016E-001  7.3765071887842637E-001
  7.9531250000000009E-001  7.3640768409452151E-001
  7.9843750000000002E-001  7.3509834135880003E-001
  8.0156250000000007E-001  7.3372172954074477E-001
  8.0468750000000011E-001  7.3227687341036307E-001
  8.0781250000000016E-001  7.3076278362300695E-001
  8.1093750000000009E-001  7.2917845672563164E-001
  8.1406250000000002E-001  7.2752287518672509E-001
  8.1718750000000007E-001  7.2579500745224723E-001
  8.2031250000000011E-001  7.2399380802983471E-001
  8.2343750000000016E-001  7.2211821760396055E-001
  8.2656250000000009E-001  7.2016716318489593E-001
  8.2968750000000002E-001  7.1813955829435838E-001
  8.3281250000000007E-001  7.1603430319120998E-001
  8.3593750000000011E-001  7.1385028514046223E-001
  8.3906250000000016E-001  7.1158637872938924E-001
  8.4218750000000009E-001  7.0924144623464702E-001
  8.4531250000000002E-001  7.0681433804451721E-001
  8.4843750000000007E-001  7.0430389314082087E-001
  8.5156250000000011E-001  7.0170893964512071E-001
  8.5468750000000016E-001  6.9902829543432188E-001
  8.5781250000000009E-001  6.9626076883106847E-001
  8.6093750000000002E-001  6.9340515937437863E-001
  8.6406250000000007E-001  6.9046025867670047E-001
  8.6718750000000011E-001  6.8742485137367582E-001
  8.7031250000000016E-001  6.8429771617307900E-001
  8.7343750000000009E-001  6.8107762701014807E-001
  8.7656250000000002E-001  6.7776335431655288E-001
  8.7968750000000007E-001  6.7435366641056216E-001
  8.8281250000000011E-001  6.7084733101664396E-001
  8.8593750000000016E-001  6.6724311692263660E-001
  8.8906250000000009E-001  6.6353979578317213E-001
  8.9218750000000002E-001  6.5973614407840975E-001
  8.9531250000000007E-001  6.5583094523712104E-001
  8.9843750000000011E-001  6.5182299193355864E-001
  9.0156250000000016E-001  6.4771108856777182E-001
  9.0468750000000009E-001  6.4349405393909564E-001
  9.0781250000000002E-001  6.3917072412245379E-001
  9.1093750000000007E-001  6.3473995555738538E-001
  9.1406250000000011E-001  6.3020062835931479E-001
  9.1718750000000016E-001  6.2555164986266298E-001
  9.2031250000000009E-001  6.2079195840462698E-001
  9.2343750000000002E-001  6.1592052735845226E-001
  9.2656250000000007E-001  6.1093636942402818E-001
  9.2968750000000011E-001  6.0583854118295699E-001
  9.3281250000000016E-001  6.0062614792414715E-001
  9.3593750000000009E-001  5.9529834874481014E-001
  9.3906250000000002E-001  5.8985436193012653E-001
  9.4218750000000007E-001  5.8429347061314207E-001
  9.4531250000000011E-001  5.7861502871434667E-001
  9.4843750000000016E-001  5.7281846715796292E-001
  9.5156250000000009E-001  5.6690330035932424E-001
  9.5468750000000002E-001  5.6086913297458740E-001
  9.5781250000000007E-001  5.5471566690040053E-001
  9.6093750000000011E-001  5.4844270850768106E-001
  9.6406250000000016E-001  5.4205017608901518E-001
  9.6718750000000009E-001  5.3553810749488773E-001
  9.7031250000000002E-001  5.2890666792872898E-001
  9.7343750000000007E-001  5.2215615786562330E-001
  9.7656250000000011E-001  5.1528702105377866E-001
  9.7968750000000016E-001  5.0829985255191001E-001
  9.8281250000000009E-001  5.0119540674966834E-001
  9.8593750000000002E-001  4.9397460531190568E-001
  9.8906250000000007E-001  4.8663854498126569E-001
  9.9218750000000011E-001  4.7918850516754474E-001
  9.9531250000000016E-001  4.7162595524611906E-001
  9.9843750000000009E-001  4.6395256148218100E-001
