 -9.8750000000000004E-001  2.5028043701359037E-001
 -9.6249999999999991E-001  2.0767050311418828E-001
 -9.3750000000000000E-001  1.6539484709531752E-001
 -9.1250000000000009E-001  1.2378536951449438E-001
 -8.8749999999999996E-001  8.3165012321845533E-002
 -8.6250000000000004E-001  4.3843613077169712E-002
 -8.3749999999999991E-001  6.1140484905641487E-003
 -8.1250000000000000E-001 -2.9750481725524382E-002
 -7.8750000000000009E-001 -6.3499155849602168E-002
 -7.6249999999999996E-001 -9.4906957115642787E-002
 -7.3750000000000004E-001 -1.2377503328019659E-001
 -7.1249999999999991E-001 -1.4993194859190184E-001
 -6.8750000000000000E-001 -1.7323413345651234E-001
 -6.6249999999999998E-001 -1.9356582509095771E-001
 -6.3749999999999996E-001 -2.1083856339699847E-001
 -6.1250000000000004E-001 -2.2499031449774118E-001
 -5.8749999999999991E-001 -2.3598429615365332E-001
 -5.6250000000000000E-001 -2.4380757689129573E-001
 -5.3749999999999998E-001 -2.4846951561567621E-001
 -5.1249999999999996E-001 -2.5000010170221804E-001
 -4.8749999999999999E-001 -2.4844824778108734E-001
 -4.6249999999999997E-001 -2.4388007920398891E-001
 -4.3749999999999994E-001 -2.3637725599329421E-001
 -4.1249999999999992E-001 -2.2603535529681018E-001
 -3.8749999999999996E-001 -2.1296233530118336E-001
 -3.6249999999999999E-001 -1.9727709539170230E-001
 -3.3749999999999997E-001 -1.7910814218171764E-001
 -3.1249999999999994E-001 -1.5859236683265776E-001
 -2.8749999999999992E-001 -1.3587393563281505E-001
 -2.6249999999999996E-001 -1.1110329270243273E-001
 -2.3749999999999999E-001 -8.4436270447273865E-002
 -2.1249999999999997E-001 -5.6033299504090153E-002
 -1.8749999999999994E-001 -2.6058702097659203E-002
 -1.6249999999999992E-001  5.3201444330629255E-003
 -1.3749999999999996E-001  3.7932889894025483E-002
 -1.1249999999999999E-001  7.1607196494638994E-002
 -8.7499999999999967E-002  1.0616886701042670E-001
 -6.2499999999999944E-002  1.4144219245043466E-001
 -3.7499999999999922E-002  1.7725039262510076E-001
 -1.2499999999999956E-002  2.1341593688514909E-001
  1.2500000000000067E-002  2.4976082229770086E-001
  3.7500000000000089E-002  2.8610682129626885E-001
  6.2500000000000000E-002  3.2227571371831665E-001
  8.7500000000000022E-002  3.5808951988175380E-001
  1.1250000000000004E-001  3.9337074911861186E-001
  1.3750000000000007E-001  4.2794267369266664E-001
  1.6250000000000009E-001  4.6162963391308359E-001
  1.8750000000000011E-001  4.9425737835627881E-001
  2.1250000000000013E-001  5.2565344368601119E-001
  2.3750000000000004E-001  5.5564758060813735E-001
  2.6250000000000007E-001  5.8407223462972380E-001
  2.8750000000000009E-001  6.1076309155686426E-001
  3.1250000000000011E-001  6.3555969781789368E-001
  3.3750000000000013E-001  6.5830616501440453E-001
  3.6250000000000004E-001  6.7885196699572392E-001
  3.8750000000000007E-001  6.9705283649013683E-001
  4.1250000000000009E-001  7.1277176693784983E-001
  4.3750000000000011E-001  7.2588012351173448E-001
  4.6250000000000013E-001  7.3625886517280137E-001
  4.8750000000000004E-001  7.4379987679657866E-001
  5.1250000000000007E-001  7.4840740678539874E-001
  5.3750000000000009E-001  7.4999960106760222E-001
  5.6250000000000011E-001  7.4851011894607034E-001
  5.8750000000000013E-001  7.4388980991605103E-001
  6.1250000000000004E-001  7.3610842341234362E-001
  6.3750000000000007E-001  7.2515631564082550E-001
  6.6250000000000009E-001  7.1104610947967817E-001
  6.8750000000000011E-001  6.9381425531090901E-001
  7.1250000000000013E-001  6.7352243310661097E-001
  7.3750000000000004E-001  6.5025872982357491E-001
  7.6250000000000007E-001  6.2413852193696839E-001
  7.8750000000000009E-001  5.9530499161152073E-001
  8.1250000000000011E-001  5.6392920739924790E-001
  8.3750000000000013E-001  5.3020970719439076E-001
  8.6250000000000004E-001  4.9437153297473485E-001
  8.8750000000000007E-001  4.5666468375294811E-001
  9.1250000000000009E-001  4.1736197475421988E-001
  9.3750000000000011E-001  3.7675631602705972E-001
  9.6250000000000013E-001  3.3515745061560120E-001
  9.8750000000000004E-001  2.9288821865695697E-001
