 -9.8750000000000004E-001 -1.6224164412028835E-003 -1.6208686074866117E-003
 -9.6249999999999991E-001 -1.6309271657330655E-002 -1.6313960009842192E-002
 -9.3750000000000000E-001 -5.1364020362495447E-002 -5.1386388634137053E-002
 -9.1250000000000009E-001 -1.1624945627971164E-001 -1.1630399593225645E-001
 -8.8749999999999996E-001 -2.2602973722483660E-001 -2.2609797501238937E-001
 -8.6250000000000004E-001 -3.9638061773541111E-001 -3.9628277754456914E-001
 -8.3749999999999991E-001 -6.0361938197767873E-001 -6.0326972525485678E-001
 -8.1250000000000000E-001 -7.7397026285479864E-001 -7.7385666321351521E-001
 -7.8750000000000009E-001 -8.8375054389937802E-001 -8.8381174760345360E-001
 -7.6249999999999996E-001 -9.4863597986282888E-001 -9.4869464863725861E-001
 -7.3750000000000004E-001 -9.8369072858255802E-001 -9.8372557442053798E-001
 -7.1249999999999991E-001 -9.9837758360023066E-001 -9.9839858464296838E-001
 -6.8750000000000000E-001 -9.9853021822875421E-001 -9.9854388956255746E-001
 -6.6249999999999998E-001 -9.8790303199932372E-001 -9.8791254671821294E-001
 -6.3749999999999996E-001 -9.6903386696037830E-001 -9.6904085945629670E-001
 -6.1250000000000004E-001 -9.4371641772142789E-001 -9.4372179862465422E-001
 -5.8749999999999991E-001 -9.1326861673573245E-001 -9.1327291022387391E-001
 -5.6250000000000000E-001 -8.7869222330482843E-001 -8.7869578492526124E-001
 -5.3749999999999998E-001 -8.4077199212089693E-001 -8.4077503177844792E-001
 -5.1249999999999996E-001 -8.0013983232556107E-001 -8.0014249090935252E-001
 -4.8749999999999999E-001 -7.5731787564437725E-001 -7.5732032258369730E-001
 -4.6249999999999997E-001 -7.1274840301432252E-001 -7.1275061074256130E-001
 -4.3749999999999994E-001 -6.6681535423653826E-001 -6.6681756621863908E-001
 -4.1249999999999992E-001 -6.1986033789554829E-001 -6.1986240943057758E-001
 -3.8749999999999996E-001 -5.7219501370539971E-001 -5.7219720704363841E-001
 -3.6249999999999999E-001 -5.2411110108974857E-001 -5.2411337937722646E-001
 -3.3749999999999997E-001 -4.7588889891273706E-001 -4.7589122159266273E-001
 -3.1249999999999994E-001 -4.2780498629710728E-001 -4.2780796557860523E-001
 -2.8749999999999992E-001 -3.8013966210703282E-001 -3.8014234457498508E-001
 -2.6249999999999996E-001 -3.3318464576623458E-001 -3.3318892016647511E-001
 -2.3749999999999999E-001 -2.8725159698896530E-001 -2.8725572477453548E-001
 -2.1249999999999997E-001 -2.4268212435923309E-001 -2.4268760591261776E-001
 -1.8749999999999994E-001 -1.9986016767870027E-001 -1.9986959171542637E-001
 -1.6249999999999992E-001 -1.5922800788459229E-001 -1.5923557973290489E-001
 -1.3749999999999996E-001 -1.2130777670265896E-001 -1.2132216480719014E-001
 -1.1249999999999999E-001 -8.6731383276064028E-002 -8.6763750930774722E-002
 -8.7499999999999967E-002 -5.6283582300161124E-002 -5.6321170929419642E-002
 -6.2499999999999944E-002 -3.0966133087304136E-002 -3.0991085945145203E-002
 -3.7499999999999922E-002 -1.2096968125544770E-002 -1.2106328791961810E-002
 -1.2499999999999956E-002 -1.4697818113378969E-003 -1.4699674400190030E-003
  1.2500000000000067E-002 -1.6224164410666693E-003 -1.6208686074866020E-003
  3.7500000000000089E-002 -1.6309271656846154E-002 -1.6313960009842129E-002
  6.2500000000000000E-002 -5.1364020361514134E-002 -5.1386388634136929E-002
  8.7500000000000022E-002 -1.1624945627798196E-001 -1.1630399593225622E-001
  1.1250000000000004E-001 -2.2602973722200401E-001 -2.2609797501238929E-001
  1.3750000000000007E-001 -3.9638061773133743E-001 -3.9628277754456936E-001
  1.6250000000000009E-001 -6.0361938197361742E-001 -6.0326972525485645E-001
  1.8750000000000011E-001 -7.7397026285195203E-001 -7.7385666321351532E-001
  2.1250000000000013E-001 -8.8375054389761809E-001 -8.8381174760345638E-001
  2.3750000000000004E-001 -9.4863597986187853E-001 -9.4869464863725883E-001
  2.6250000000000007E-001 -9.8369072858206696E-001 -9.8372557442053854E-001
  2.8750000000000009E-001 -9.9837758360008655E-001 -9.9839858464296471E-001
  3.1250000000000011E-001 -9.9853021822886912E-001 -9.9854388956255791E-001
  3.3750000000000013E-001 -9.8790303199961049E-001 -9.8791254671821438E-001
  3.6250000000000004E-001 -9.6903386696084648E-001 -9.6904085945629692E-001
  3.8750000000000007E-001 -9.4371641772201542E-001 -9.4372179862465411E-001
  4.1250000000000009E-001 -9.1326861673641224E-001 -9.1327291022387369E-001
  4.3750000000000011E-001 -8.7869222330557284E-001 -8.7869578492526068E-001
  4.6250000000000013E-001 -8.4077199212169984E-001 -8.4077503177844870E-001
  4.8750000000000004E-001 -8.0013983232641839E-001 -8.0014249090935363E-001
  5.1250000000000007E-001 -7.5731787564527275E-001 -7.5732032258369719E-001
  5.3750000000000009E-001 -7.1274840301525733E-001 -7.1275061074256174E-001
  5.6250000000000011E-001 -6.6681535423749283E-001 -6.6681756621864130E-001
  5.8750000000000013E-001 -6.1986033789651906E-001 -6.1986240943057702E-001
  6.1250000000000004E-001 -5.7219501370638925E-001 -5.7219720704363786E-001
  6.3750000000000007E-001 -5.2411110109074066E-001 -5.2411337937722735E-001
  6.6250000000000009E-001 -4.7588889891373076E-001 -4.7589122159266273E-001
  6.8750000000000011E-001 -4.2780498629808456E-001 -4.2780796557860490E-001
  7.1250000000000013E-001 -3.8013966210800143E-001 -3.8014234457498436E-001
  7.3750000000000004E-001 -3.3318464576717677E-001 -3.3318892016647467E-001
  7.6250000000000007E-001 -2.8725159698989300E-001 -2.8725572477453587E-001
  7.8750000000000009E-001 -2.4268212436013137E-001 -2.4268760591261723E-001
  8.1250000000000011E-001 -1.9986016767956477E-001 -1.9986959171542626E-001
  8.3750000000000013E-001 -1.5922800788539260E-001 -1.5923557973290517E-001
  8.6250000000000004E-001 -1.2130777670340490E-001 -1.2132216480719024E-001
  8.8750000000000007E-001 -8.6731383276731633E-002 -8.6763750930774861E-002
  9.1250000000000009E-001 -5.6283582300735061E-002 -5.6321170929419580E-002
  9.3750000000000011E-001 -3.0966133087760729E-002 -3.0991085945145144E-002
  9.6250000000000013E-001 -1.2096968125853671E-002 -1.2106328791961784E-002
  9.8750000000000004E-001 -1.4697818114553542E-003 -1.4699674400190342E-003
