 -9.4999999999999996E-001  1.8646458119571435E-001
 -8.5000000000000009E-001  2.4768515005790085E-002
 -7.5000000000000000E-001 -1.0966721857399471E-001
 -6.4999999999999991E-001 -2.0258101071010215E-001
 -5.5000000000000004E-001 -2.4652880539268548E-001
 -4.4999999999999996E-001 -2.4049338352706010E-001
 -3.4999999999999992E-001 -1.8850179191145383E-001
 -2.4999999999999994E-001 -9.8004097254629108E-002
 -1.4999999999999997E-001  2.1486908757292353E-002
 -4.9999999999999989E-002  1.5930665021917620E-001
  5.0000000000000044E-002  3.0425591353698778E-001
  1.5000000000000013E-001  4.4495366484964366E-001
  2.5000000000000011E-001  5.7011749334477924E-001
  3.5000000000000009E-001  6.6890769747699319E-001
  4.5000000000000007E-001  7.3144569747902988E-001
  5.5000000000000004E-001  7.4964870801543870E-001
  6.5000000000000013E-001  7.1847392098319707E-001
  7.5000000000000011E-001  6.3750532589311071E-001
  8.5000000000000009E-001  5.1249055889134365E-001
  9.5000000000000007E-001  3.5602574072666821E-001
