 -9.9921875000000004E-001  2.7027506045099947E-001
 -9.9765624999999991E-001  2.6761057565768948E-001
 -9.9609375000000000E-001  2.6494554676301219E-001
 -9.9453125000000009E-001  2.6228005608567018E-001
 -9.9296874999999996E-001  2.5961418596884589E-001
 -9.9140625000000004E-001  2.5694801877583440E-001
 -9.8984374999999991E-001  2.5428163688568806E-001
 -9.8828125000000000E-001  2.5161512268883907E-001
 -9.8671875000000009E-001  2.4894855858274514E-001
 -9.8515624999999996E-001  2.4628202696750282E-001
 -9.8359375000000004E-001  2.4361561024148767E-001
 -9.8203124999999991E-001  2.4094939079698294E-001
 -9.8046875000000000E-001  2.3828345101580956E-001
 -9.7890625000000009E-001  2.3561787326496367E-001
 -9.7734374999999996E-001  2.3295273989223883E-001
 -9.7578125000000004E-001  2.3028813322187297E-001
 -9.7421874999999991E-001  2.2762413555018954E-001
 -9.7265625000000000E-001  2.2496082914122947E-001
 -9.7109375000000009E-001  2.2229829622240568E-001
 -9.6953124999999996E-001  2.1963661898015543E-001
 -9.6796875000000004E-001  2.1697587955558950E-001
 -9.6640624999999991E-001  2.1431616004015427E-001
 -9.6484375000000000E-001  2.1165754247131266E-001
 -9.6328125000000009E-001  2.0900010882819917E-001
 -9.6171874999999996E-001  2.0634394102731030E-001
 -9.6015625000000004E-001  2.0368912091819882E-001
 -9.5859374999999991E-001  2.0103573027915450E-001
 -9.5703125000000000E-001  1.9838385081292415E-001
 -9.5546875000000009E-001  1.9573356414241999E-001
 -9.5390624999999996E-001  1.9308495180644361E-001
 -9.5234375000000004E-001  1.9043809525542055E-001
 -9.5078124999999991E-001  1.8779307584714389E-001
 -9.4921875000000000E-001  1.8514997484253476E-001
 -9.4765625000000009E-001  1.8250887340139749E-001
 -9.4609374999999996E-001  1.7986985257821558E-001
 -9.4453125000000004E-001  1.7723299331793305E-001
 -9.4296874999999991E-001  1.7459837645176196E-001
 -9.4140625000000000E-001  1.7196608269299771E-001
 -9.3984375000000009E-001  1.6933619263285982E-001
 -9.3828124999999996E-001  1.6670878673633152E-001
 -9.3671875000000004E-001  1.6408394533802978E-001
 -9.3515624999999991E-001  1.6146174863807469E-001
 -9.3359375000000000E-001  1.5884227669798709E-001
 -9.3203125000000009E-001  1.5622560943659983E-001
 -9.3046874999999996E-001  1.5361182662598377E-001
 -9.2890625000000004E-001  1.5100100788739440E-001
 -9.2734374999999991E-001  1.4839323268722862E-001
 -9.2578125000000000E-001  1.4578858033301070E-001
 -9.2421875000000009E-001  1.4318712996938895E-001
 -9.2265624999999996E-001  1.4058896057415532E-001
 -9.2109375000000004E-001  1.3799415095428166E-001
 -9.1953124999999991E-001  1.3540277974198048E-001
 -9.1796875000000000E-001  1.3281492539078030E-001
 -9.1640625000000009E-001  1.3023066617162549E-001
 -9.1484374999999996E-001  1.2765008016900053E-001
 -9.1328125000000004E-001  1.2507324527706659E-001
 -9.1171874999999991E-001  1.2250023919583153E-001
 -9.1015625000000000E-001  1.1993113942733083E-001
 -9.0859375000000009E-001  1.1736602327184249E-001
 -9.0703124999999996E-001  1.1480496782411863E-001
 -9.0546875000000004E-001  1.1224804996964062E-001
 -9.0390624999999991E-001  1.0969534638090424E-001
 -9.0234375000000000E-001  1.0714693351371937E-001
 -9.0078125000000009E-001  1.0460288760354475E-001
 -8.9921874999999996E-001  1.0206328466184174E-001
 -8.9765625000000004E-001  9.9528200472454351E-002
 -8.9609374999999991E-001  9.6997710588019717E-002
 -8.9453125000000000E-001  9.4471890326395927E-002
 -8.9296875000000009E-001  9.1950814767126382E-002
 -8.9140624999999996E-001  8.9434558747923679E-002
 -8.8984375000000004E-001  8.6923196861184784E-002
 -8.8828124999999991E-001  8.4416803450529709E-002
 -8.8671875000000000E-001  8.1915452607378481E-002
 -8.8515625000000009E-001  7.9419218167541203E-002
 -8.8359374999999996E-001  7.6928173707853709E-002
 -8.8203125000000004E-001  7.4442392542825211E-002
 -8.8046874999999991E-001  7.1961947721331493E-002
 -8.7890625000000000E-001  6.9486912023322009E-002
 -8.7734375000000009E-001  6.7017357956563661E-002
 -8.7578124999999996E-001  6.4553357753409604E-002
 -8.7421875000000004E-001  6.2094983367595676E-002
 -8.7265624999999991E-001  5.9642306471073055E-002
 -8.7109375000000000E-001  5.7195398450870343E-002
 -8.6953125000000009E-001  5.4754330405996379E-002
 -8.6796874999999996E-001  5.2319173144382773E-002
 -8.6640625000000004E-001  4.9889997179868549E-002
 -8.6484374999999991E-001  4.7466872729218693E-002
 -8.6328125000000000E-001  4.5049869709172095E-002
 -8.6171875000000009E-001  4.2639057733500303E-002
 -8.6015624999999996E-001  4.0234506110059520E-002
 -8.5859375000000004E-001  3.7836283837831768E-002
 -8.5703124999999991E-001  3.5444459603949825E-002
 -8.5546875000000000E-001  3.3059101780733888E-002
 -8.5390625000000009E-001  3.0680278422798597E-002
 -8.5234374999999996E-001  2.8308057264293609E-002
 -8.5078125000000004E-001  2.5942505716374919E-002
 -8.4921874999999991E-001  2.3583690864951771E-002
 -8.4765625000000000E-001  2.1231679468698868E-002
 -8.4609375000000009E-001  1.8886537957214011E-002
 -8.4453124999999996E-001  1.6548332429062125E-002
 -8.4296875000000004E-001  1.4217128649333846E-002
 -8.4140624999999991E-001  1.1892992046317316E-002
 -8.3984375000000000E-001  9.5759877069860489E-003
 -8.3828125000000009E-001  7.2661803713200352E-003
 -8.3671874999999996E-001  4.9636344259827488E-003
 -8.3515625000000004E-001  2.6684138984962107E-003
 -8.3359374999999991E-001  3.8058242121470837E-004
 -8.3203125000000000E-001 -1.8997966500129630E-003
 -8.3046875000000009E-001 -4.1726601978014817E-003
 -8.2890624999999996E-001 -6.4379456827445029E-003
 -8.2734375000000004E-001 -8.6955908545677876E-003
 -8.2578124999999991E-001 -1.0945533812852034E-002
 -8.2421875000000000E-001 -1.3187713012528409E-002
 -8.2265625000000009E-001 -1.5422067269811390E-002
 -8.2109374999999996E-001 -1.7648535767460165E-002
 -8.1953125000000004E-001 -1.9867058058898785E-002
 -8.1796874999999991E-001 -2.2077574071182944E-002
 -8.1640625000000000E-001 -2.4280024107072546E-002
 -8.1484375000000009E-001 -2.6474348846548625E-002
 -8.1328124999999996E-001 -2.8660489348090182E-002
 -8.1171875000000004E-001 -3.0838387049937882E-002
 -8.1015624999999991E-001 -3.3007983771461850E-002
 -8.0859375000000000E-001 -3.5169221714676013E-002
 -8.0703125000000009E-001 -3.7322043465875886E-002
 -8.0546874999999996E-001 -3.9466391997351850E-002
 -8.0390625000000004E-001 -4.1602210669128926E-002
 -8.0234374999999991E-001 -4.3729443230683590E-002
 -8.0078125000000000E-001 -4.5848033822616381E-002
 -7.9921875000000009E-001 -4.7957926978262184E-002
 -7.9765624999999996E-001 -5.0059067625233232E-002
 -7.9609375000000004E-001 -5.2151401086907287E-002
 -7.9453124999999991E-001 -5.4234873083864807E-002
 -7.9296875000000000E-001 -5.6309429735280830E-002
 -7.9140625000000009E-001 -5.8375017560280920E-002
 -7.8984374999999996E-001 -6.0431583479267928E-002
 -7.8828125000000004E-001 -6.2479074815213732E-002
 -7.8671874999999991E-001 -6.4517439294921181E-002
 -7.8515625000000000E-001 -6.6546625050257643E-002
 -7.8359375000000009E-001 -6.8566580619350975E-002
 -7.8203124999999996E-001 -7.0577254947754131E-002
 -7.8046875000000004E-001 -7.2578597389577088E-002
 -7.7890624999999991E-001 -7.4570557708578566E-002
 -7.7734375000000000E-001 -7.6553086079226257E-002
 -7.7578125000000009E-001 -7.8526133087721633E-002
 -7.7421874999999996E-001 -8.0489649732985294E-002
 -7.7265625000000004E-001 -8.2443587427615247E-002
 -7.7109374999999991E-001 -8.4387897998802849E-002
 -7.6953125000000000E-001 -8.6322533689221159E-002
 -7.6796875000000009E-001 -8.8247447157873846E-002
 -7.6640624999999996E-001 -9.0162591480915183E-002
 -7.6484375000000004E-001 -9.2067920152433938E-002
 -7.6328124999999991E-001 -9.3963387085206157E-002
 -7.6171875000000000E-001 -9.5848946611409178E-002
 -7.6015625000000009E-001 -9.7724553483306567E-002
 -7.5859374999999996E-001 -9.9590162873906901E-002
 -7.5703125000000004E-001 -1.0144573037757358E-001
 -7.5546874999999991E-001 -1.0329121201061595E-001
 -7.5390625000000000E-001 -1.0512656421183994E-001
 -7.5234375000000009E-001 -1.0695174384307200E-001
 -7.5078124999999996E-001 -1.0876670818964736E-001
 -7.4921875000000004E-001 -1.1057141496086463E-001
 -7.4765624999999991E-001 -1.1236582229041531E-001
 -7.4609375000000000E-001 -1.1414988873677193E-001
 -7.4453124999999998E-001 -1.1592357328355515E-001
 -7.4296874999999996E-001 -1.1768683533986257E-001
 -7.4140625000000004E-001 -1.1943963474056797E-001
 -7.3984374999999991E-001 -1.2118193174659143E-001
 -7.3828125000000000E-001 -1.2291368704513844E-001
 -7.3671874999999998E-001 -1.2463486174990562E-001
 -7.3515624999999996E-001 -1.2634541740126207E-001
 -7.3359375000000004E-001 -1.2804531596639343E-001
 -7.3203124999999991E-001 -1.2973451983942222E-001
 -7.3046875000000000E-001 -1.3141299184149760E-001
 -7.2890624999999998E-001 -1.3308069522085039E-001
 -7.2734374999999996E-001 -1.3473759365283128E-001
 -7.2578125000000004E-001 -1.3638365123990159E-001
 -7.2421874999999991E-001 -1.3801883251161257E-001
 -7.2265625000000000E-001 -1.3964310242455111E-001
 -7.2109374999999998E-001 -1.4125642636225191E-001
 -7.1953124999999996E-001 -1.4285877013508408E-001
 -7.1796875000000004E-001 -1.4445009998011960E-001
 -7.1640624999999991E-001 -1.4603038256095738E-001
 -7.1484375000000000E-001 -1.4759958496753470E-001
 -7.1328124999999998E-001 -1.4915767471590261E-001
 -7.1171874999999996E-001 -1.5070461974798399E-001
 -7.1015625000000004E-001 -1.5224038843129051E-001
 -7.0859374999999991E-001 -1.5376494955862938E-001
 -7.0703125000000000E-001 -1.5527827234777219E-001
 -7.0546874999999998E-001 -1.5678032644110534E-001
 -7.0390624999999996E-001 -1.5827108190525310E-001
 -7.0234375000000004E-001 -1.5975050923066997E-001
 -7.0078124999999991E-001 -1.6121857933121939E-001
 -6.9921875000000000E-001 -1.6267526354371478E-001
 -6.9765624999999998E-001 -1.6412053362744825E-001
 -6.9609374999999996E-001 -1.6555436176368499E-001
 -6.9453125000000004E-001 -1.6697672055514168E-001
 -6.9296874999999991E-001 -1.6838758302543341E-001
 -6.9140625000000000E-001 -1.6978692261850561E-001
 -6.8984374999999998E-001 -1.7117471319804015E-001
 -6.8828124999999996E-001 -1.7255092904682856E-001
 -6.8671875000000004E-001 -1.7391554486614413E-001
 -6.8515624999999991E-001 -1.7526853577506715E-001
 -6.8359375000000000E-001 -1.7660987730980746E-001
 -6.8203124999999998E-001 -1.7793954542299609E-001
 -6.8046874999999996E-001 -1.7925751648295191E-001
 -6.7890625000000004E-001 -1.8056376727293941E-001
 -6.7734374999999991E-001 -1.8185827499039547E-001
 -6.7578125000000000E-001 -1.8314101724613518E-001
 -6.7421874999999998E-001 -1.8441197206354235E-001
 -6.7265624999999996E-001 -1.8567111787773904E-001
 -6.7109375000000004E-001 -1.8691843353473275E-001
 -6.6953124999999991E-001 -1.8815389829054438E-001
 -6.6796875000000000E-001 -1.8937749181031732E-001
 -6.6640624999999998E-001 -1.9058919416740611E-001
 -6.6484374999999996E-001 -1.9178898584245463E-001
 -6.6328125000000004E-001 -1.9297684772243856E-001
 -6.6171874999999991E-001 -1.9415276109970836E-001
 -6.6015625000000000E-001 -1.9531670767100065E-001
 -6.5859374999999998E-001 -1.9646866953644440E-001
 -6.5703124999999996E-001 -1.9760862919853125E-001
 -6.5546875000000004E-001 -1.9873656956108335E-001
 -6.5390624999999991E-001 -1.9985247392820915E-001
 -6.5234375000000000E-001 -2.0095632600322166E-001
 -6.5078124999999998E-001 -2.0204810988755800E-001
 -6.4921874999999996E-001 -2.0312781007968236E-001
 -6.4765625000000004E-001 -2.0419541147395637E-001
 -6.4609374999999991E-001 -2.0525089935951363E-001
 -6.4453125000000000E-001 -2.0629425941911231E-001
 -6.4296874999999998E-001 -2.0732547772796658E-001
 -6.4140624999999996E-001 -2.0834454075256587E-001
 -6.3984375000000004E-001 -2.0935143534948955E-001
 -6.3828124999999991E-001 -2.1034614876419636E-001
 -6.3671875000000000E-001 -2.1132866862979385E-001
 -6.3515624999999998E-001 -2.1229898296581856E-001
 -6.3359374999999996E-001 -2.1325708017697320E-001
 -6.3203125000000004E-001 -2.1420294905187193E-001
 -6.3046874999999991E-001 -2.1513657876176426E-001
 -6.2890625000000000E-001 -2.1605795885924717E-001
 -6.2734374999999998E-001 -2.1696707927696088E-001
 -6.2578124999999996E-001 -2.1786393032628312E-001
 -6.2421875000000004E-001 -2.1874850269599863E-001
 -6.2265624999999991E-001 -2.1962078745096422E-001
 -6.2109375000000000E-001 -2.2048077603076266E-001
 -6.1953124999999998E-001 -2.2132846024834318E-001
 -6.1796874999999996E-001 -2.2216383228865150E-001
 -6.1640625000000004E-001 -2.2298688470724540E-001
 -6.1484374999999991E-001 -2.2379761042890806E-001
 -6.1328125000000000E-001 -2.2459600274624794E-001
 -6.1171874999999998E-001 -2.2538205531828037E-001
 -6.1015624999999996E-001 -2.2615576216901020E-001
 -6.0859375000000004E-001 -2.2691711768600437E-001
 -6.0703124999999991E-001 -2.2766611661894573E-001
 -6.0546875000000000E-001 -2.2840275407818553E-001
 -6.0390624999999998E-001 -2.2912702553329076E-001
 -6.0234374999999996E-001 -2.2983892681156667E-001
 -6.0078125000000004E-001 -2.3053845409659329E-001
 -5.9921874999999991E-001 -2.3122560392673513E-001
 -5.9765625000000000E-001 -2.3190037319365098E-001
 -5.9609374999999998E-001 -2.3256275914080154E-001
 -5.9453124999999996E-001 -2.3321275936192948E-001
 -5.9296875000000004E-001 -2.3385037179955817E-001
 -5.9140624999999991E-001 -2.3447559474347743E-001
 -5.8984375000000000E-001 -2.3508842682918654E-001
 -5.8828124999999998E-001 -2.3568886703639944E-001
 -5.8671874999999996E-001 -2.3627691468747392E-001
 -5.8515625000000004E-001 -2.3685256944587965E-001
 -5.8359374999999991E-001 -2.3741583131464833E-001
 -5.8203125000000000E-001 -2.3796670063480052E-001
 -5.8046874999999998E-001 -2.3850517808379829E-001
 -5.7890624999999996E-001 -2.3903126467396701E-001
 -5.7734375000000004E-001 -2.3954496175093062E-001
 -5.7578124999999991E-001 -2.4004627099201911E-001
 -5.7421875000000000E-001 -2.4053519440469545E-001
 -5.7265624999999998E-001 -2.4101173432496223E-001
 -5.7109374999999996E-001 -2.4147589341577522E-001
 -5.6953125000000004E-001 -2.4192767466543802E-001
 -5.6796874999999991E-001 -2.4236708138601229E-001
 -5.6640625000000000E-001 -2.4279411721170335E-001
 -5.6484374999999998E-001 -2.4320878609725646E-001
 -5.6328124999999996E-001 -2.4361109231635078E-001
 -5.6171875000000004E-001 -2.4400104045997481E-001
 -5.6015624999999991E-001 -2.4437863543481947E-001
 -5.5859375000000000E-001 -2.4474388246165180E-001
 -5.5703124999999998E-001 -2.4509678707369098E-001
 -5.5546874999999996E-001 -2.4543735511499218E-001
 -5.5390625000000004E-001 -2.4576559273880685E-001
 -5.5234374999999991E-001 -2.4608150640596366E-001
 -5.5078125000000000E-001 -2.4638510288323109E-001
 -5.4921874999999998E-001 -2.4667638924168611E-001
 -5.4765624999999996E-001 -2.4695537285508265E-001
 -5.4609375000000004E-001 -2.4722206139820607E-001
 -5.4453124999999991E-001 -2.4747646284524788E-001
 -5.4296875000000000E-001 -2.4771858546815659E-001
 -5.4140624999999998E-001 -2.4794843783500750E-001
 -5.3984374999999996E-001 -2.4816602880835406E-001
 -5.3828125000000004E-001 -2.4837136754359176E-001
 -5.3671874999999991E-001 -2.4856446348731703E-001
 -5.3515625000000000E-001 -2.4874532637568383E-001
 -5.3359374999999998E-001 -2.4891396623276224E-001
 -5.3203124999999996E-001 -2.4907039336890208E-001
 -5.3046875000000004E-001 -2.4921461837907574E-001
 -5.2890624999999991E-001 -2.4934665214125531E-001
 -5.2734375000000000E-001 -2.4946650581476285E-001
 -5.2578124999999998E-001 -2.4957419083863042E-001
 -5.2421874999999996E-001 -2.4966971892995996E-001
 -5.2265625000000004E-001 -2.4975310208228588E-001
 -5.2109374999999991E-001 -2.4982435256393654E-001
 -5.1953125000000000E-001 -2.4988348291639934E-001
 -5.1796874999999998E-001 -2.4993050595268076E-001
 -5.1640624999999996E-001 -2.4996543475567790E-001
 -5.1484375000000004E-001 -2.4998828267654211E-001
 -5.1328124999999991E-001 -2.4999906333305019E-001
 -5.1171875000000000E-001 -2.4999779060797100E-001
 -5.1015624999999998E-001 -2.4998447864744699E-001
 -5.0859374999999996E-001 -2.4995914185935655E-001
 -5.0703125000000004E-001 -2.4992179491170141E-001
 -5.0546874999999991E-001 -2.4987245273098099E-001
 -5.0390625000000000E-001 -2.4981113050057163E-001
 -5.0234374999999998E-001 -2.4973784365911667E-001
 -5.0078124999999996E-001 -2.4965260789890664E-001
 -4.9921874999999999E-001 -2.4955543916427467E-001
 -4.9765624999999997E-001 -2.4944635364997925E-001
 -4.9609374999999994E-001 -2.4932536779960879E-001
 -4.9453124999999998E-001 -2.4919249830397017E-001
 -4.9296875000000001E-001 -2.4904776209949991E-001
 -4.9140624999999999E-001 -2.4889117636665609E-001
 -4.8984374999999997E-001 -2.4872275852834055E-001
 -4.8828124999999994E-001 -2.4854252624829162E-001
 -4.8671874999999998E-001 -2.4835049742951304E-001
 -4.8515625000000001E-001 -2.4814669021268704E-001
 -4.8359374999999999E-001 -2.4793112297459574E-001
 -4.8203124999999997E-001 -2.4770381432653935E-001
 -4.8046874999999994E-001 -2.4746478311278039E-001
 -4.7890624999999998E-001 -2.4721404840896563E-001
 -4.7734375000000001E-001 -2.4695162952056382E-001
 -4.7578124999999999E-001 -2.4667754598130825E-001
 -4.7421874999999997E-001 -2.4639181755164588E-001
 -4.7265624999999994E-001 -2.4609446421718270E-001
 -4.7109374999999998E-001 -2.4578550618713760E-001
 -4.6953125000000001E-001 -2.4546496389280309E-001
 -4.6796874999999999E-001 -2.4513285798600878E-001
 -4.6640624999999997E-001 -2.4478920933758300E-001
 -4.6484374999999994E-001 -2.4443403903583297E-001
 -4.6328124999999998E-001 -2.4406736838501761E-001
 -4.6171875000000001E-001 -2.4368921890382728E-001
 -4.6015624999999999E-001 -2.4329961232387623E-001
 -4.5859374999999997E-001 -2.4289857058818881E-001
 -4.5703124999999994E-001 -2.4248611584969526E-001
 -4.5546874999999998E-001 -2.4206227046974035E-001
 -4.5390625000000001E-001 -2.4162705701658213E-001
 -4.5234374999999999E-001 -2.4118049826390822E-001
 -4.5078124999999997E-001 -2.4072261718935362E-001
 -4.4921874999999994E-001 -2.4025343697301416E-001
 -4.4765624999999998E-001 -2.3977298099599251E-001
 -4.4609375000000001E-001 -2.3928127283890868E-001
 -4.4453124999999999E-001 -2.3877833628045672E-001
 -4.4296874999999997E-001 -2.3826419529594295E-001
 -4.4140624999999994E-001 -2.3773887405582761E-001
 -4.3984374999999998E-001 -2.3720239692429523E-001
 -4.3828125000000001E-001 -2.3665478845780358E-001
 -4.3671874999999999E-001 -2.3609607340365221E-001
 -4.3515624999999997E-001 -2.3552627669856765E-001
 -4.3359374999999994E-001 -2.3494542346725664E-001
 -4.3203124999999998E-001 -2.3435353902101302E-001
 -4.3046875000000001E-001 -2.3375064885629884E-001
 -4.2890624999999999E-001 -2.3313677865334176E-001
 -4.2734374999999997E-001 -2.3251195427472823E-001
 -4.2578124999999994E-001 -2.3187620176402898E-001
 -4.2421874999999998E-001 -2.3122954734439657E-001
 -4.2265625000000001E-001 -2.3057201741719344E-001
 -4.2109374999999999E-001 -2.2990363856061574E-001
 -4.1953124999999997E-001 -2.2922443752832630E-001
 -4.1796874999999994E-001 -2.2853444124809330E-001
 -4.1640624999999998E-001 -2.2783367682043226E-001
 -4.1484375000000001E-001 -2.2712217151725939E-001
 -4.1328124999999999E-001 -2.2639995278054928E-001
 -4.1171874999999997E-001 -2.2566704822099698E-001
 -4.1015624999999994E-001 -2.2492348561668651E-001
 -4.0859374999999998E-001 -2.2416929291176815E-001
 -4.0703125000000001E-001 -2.2340449821514119E-001
 -4.0546874999999999E-001 -2.2262912979914318E-001
 -4.0390624999999997E-001 -2.2184321609824284E-001
 -4.0234374999999994E-001 -2.2104678570774491E-001
 -4.0078124999999992E-001 -2.2023986738249324E-001
 -3.9921874999999996E-001 -2.1942249003559322E-001
 -3.9765624999999999E-001 -2.1859468273712743E-001
 -3.9609374999999997E-001 -2.1775647471288070E-001
 -3.9453124999999994E-001 -2.1690789534307783E-001
 -3.9296874999999992E-001 -2.1604897416112631E-001
 -3.9140624999999996E-001 -2.1517974085236188E-001
 -3.8984374999999999E-001 -2.1430022525279879E-001
 -3.8828124999999997E-001 -2.1341045734789513E-001
 -3.8671874999999994E-001 -2.1251046727131462E-001
 -3.8515624999999992E-001 -2.1160028530370545E-001
 -3.8359374999999996E-001 -2.1067994187147834E-001
 -3.8203124999999999E-001 -2.0974946754559168E-001
 -3.8046874999999997E-001 -2.0880889304034841E-001
 -3.7890624999999994E-001 -2.0785824921218712E-001
 -3.7734374999999992E-001 -2.0689756705850443E-001
 -3.7578124999999996E-001 -2.0592687771645818E-001
 -3.7421874999999999E-001 -2.0494621246177999E-001
 -3.7265624999999997E-001 -2.0395560270762350E-001
 -3.7109374999999994E-001 -2.0295508000337231E-001
 -3.6953124999999992E-001 -2.0194467603350194E-001
 -3.6796874999999996E-001 -2.0092442261641358E-001
 -3.6640624999999999E-001 -1.9989435170328995E-001
 -3.6484374999999997E-001 -1.9885449537695613E-001
 -3.6328124999999994E-001 -1.9780488585074879E-001
 -3.6171874999999992E-001 -1.9674555546738579E-001
 -3.6015624999999996E-001 -1.9567653669784582E-001
 -3.5859374999999999E-001 -1.9459786214026015E-001
 -3.5703124999999997E-001 -1.9350956451879700E-001
 -3.5546874999999994E-001 -1.9241167668257367E-001
 -3.5390624999999992E-001 -1.9130423160455165E-001
 -3.5234374999999996E-001 -1.9018726238045758E-001
 -3.5078124999999999E-001 -1.8906080222769689E-001
 -3.4921874999999997E-001 -1.8792488448428865E-001
 -3.4765624999999994E-001 -1.8677954260779062E-001
 -3.4609374999999992E-001 -1.8562481017424282E-001
 -3.4453124999999996E-001 -1.8446072087711332E-001
 -3.4296874999999999E-001 -1.8328730852625261E-001
 -3.4140624999999997E-001 -1.8210460704685102E-001
 -3.3984374999999994E-001 -1.8091265047840493E-001
 -3.3828124999999992E-001 -1.7971147297369416E-001
 -3.3671874999999996E-001 -1.7850110879775416E-001
 -3.3515624999999999E-001 -1.7728159232686674E-001
 -3.3359374999999997E-001 -1.7605295804754972E-001
 -3.3203124999999994E-001 -1.7481524055556050E-001
 -3.3046874999999992E-001 -1.7356847455489521E-001
 -3.2890624999999996E-001 -1.7231269485680403E-001
 -3.2734374999999999E-001 -1.7104793637881452E-001
 -3.2578124999999997E-001 -1.6977423414374193E-001
 -3.2421874999999994E-001 -1.6849162327873718E-001
 -3.2265624999999992E-001 -1.6720013901431699E-001
 -3.2109374999999996E-001 -1.6589981668340778E-001
 -3.1953124999999999E-001 -1.6459069172039525E-001
 -3.1796874999999997E-001 -1.6327279966018557E-001
 -3.1640624999999994E-001 -1.6194617613726592E-001
 -3.1484374999999992E-001 -1.6061085688477453E-001
 -3.1328124999999996E-001 -1.5926687773357742E-001
 -3.1171874999999999E-001 -1.5791427461135180E-001
 -3.1015624999999997E-001 -1.5655308354167163E-001
 -3.0859374999999994E-001 -1.5518334064310682E-001
 -3.0703124999999992E-001 -1.5380508212831942E-001
 -3.0546874999999996E-001 -1.5241834430317450E-001
 -3.0390624999999999E-001 -1.5102316356585641E-001
 -3.0234374999999997E-001 -1.4961957640597931E-001
 -3.0078124999999994E-001 -1.4820761940372618E-001
 -2.9921874999999992E-001 -1.4678732922897106E-001
 -2.9765624999999996E-001 -1.4535874264042001E-001
 -2.9609374999999999E-001 -1.4392189648475820E-001
 -2.9453124999999997E-001 -1.4247682769579739E-001
 -2.9296874999999994E-001 -1.4102357329363546E-001
 -2.9140624999999992E-001 -1.3956217038381494E-001
 -2.8984374999999996E-001 -1.3809265615649621E-001
 -2.8828124999999999E-001 -1.3661506788562988E-001
 -2.8671874999999997E-001 -1.3512944292813830E-001
 -2.8515624999999994E-001 -1.3363581872310132E-001
 -2.8359374999999992E-001 -1.3213423279094882E-001
 -2.8203124999999996E-001 -1.3062472273265846E-001
 -2.8046874999999999E-001 -1.2910732622896531E-001
 -2.7890624999999997E-001 -1.2758208103956309E-001
 -2.7734374999999994E-001 -1.2604902500232820E-001
 -2.7578124999999992E-001 -1.2450819603253536E-001
 -2.7421874999999996E-001 -1.2295963212209209E-001
 -2.7265624999999999E-001 -1.2140337133876368E-001
 -2.7109374999999997E-001 -1.1983945182541683E-001
 -2.6953124999999994E-001 -1.1826791179926832E-001
 -2.6796874999999992E-001 -1.1668878955112588E-001
 -2.6640624999999996E-001 -1.1510212344465375E-001
 -2.6484374999999999E-001 -1.1350795191562736E-001
 -2.6328124999999997E-001 -1.1190631347120482E-001
 -2.6171874999999994E-001 -1.1029724668919814E-001
 -2.6015624999999992E-001 -1.0868079021735330E-001
 -2.5859374999999996E-001 -1.0705698277263047E-001
 -2.5703124999999999E-001 -1.0542586314049658E-001
 -2.5546874999999997E-001 -1.0378747017421500E-001
 -2.5390624999999994E-001 -1.0214184279415155E-001
 -2.5234374999999992E-001 -1.0048901998707453E-001
 -2.5078124999999996E-001 -9.8829040805470003E-002
 -2.4921874999999999E-001 -9.7161944366850897E-002
 -2.4765624999999997E-001 -9.5487769853085019E-002
 -2.4609374999999994E-001 -9.3806556509718461E-002
 -2.4453124999999992E-001 -9.2118343645312767E-002
 -2.4296874999999996E-001 -9.0423170630775970E-002
 -2.4140624999999999E-001 -8.8721076898713711E-002
 -2.3984374999999997E-001 -8.7012101942774173E-002
 -2.3828124999999994E-001 -8.5296285317000967E-002
 -2.3671874999999992E-001 -8.3573666635193847E-002
 -2.3515624999999996E-001 -8.1844285570269626E-002
 -2.3359374999999999E-001 -8.0108181853627641E-002
 -2.3203124999999997E-001 -7.8365395274519106E-002
 -2.3046874999999994E-001 -7.6615965679420389E-002
 -2.2890624999999992E-001 -7.4859932971413301E-002
 -2.2734374999999996E-001 -7.3097337109563065E-002
 -2.2578124999999999E-001 -7.1328218108313593E-002
 -2.2421874999999997E-001 -6.9552616036880691E-002
 -2.2265624999999994E-001 -6.7770571018659437E-002
 -2.2109374999999992E-001 -6.5982123230642564E-002
 -2.1953124999999996E-001 -6.4187312902840937E-002
 -2.1796874999999999E-001 -6.2386180317721834E-002
 -2.1640624999999997E-001 -6.0578765809642388E-002
 -2.1484374999999994E-001 -5.8765109764289267E-002
 -2.1328124999999992E-001 -5.6945252618113860E-002
 -2.1171874999999996E-001 -5.5119234857756563E-002
 -2.1015624999999999E-001 -5.3287097019462271E-002
 -2.0859374999999997E-001 -5.1448879688480526E-002
 -2.0703124999999994E-001 -4.9604623498462432E-002
 -2.0546874999999992E-001 -4.7754369130855429E-002
 -2.0390624999999996E-001 -4.5898157314311967E-002
 -2.0234374999999999E-001 -4.4036028824132933E-002
 -2.0078124999999997E-001 -4.2168024481752227E-002
 -1.9921874999999994E-001 -4.0294185154283034E-002
 -1.9765624999999992E-001 -3.8414551754122631E-002
 -1.9609374999999996E-001 -3.6529165238604319E-002
 -1.9453124999999999E-001 -3.4638066609670171E-002
 -1.9296874999999997E-001 -3.2741296913517320E-002
 -1.9140624999999994E-001 -3.0838897240167761E-002
 -1.8984374999999992E-001 -2.8930908722902781E-002
 -1.8828124999999996E-001 -2.7017372537528558E-002
 -1.8671874999999999E-001 -2.5098329901465096E-002
 -1.8515624999999997E-001 -2.3173822072700641E-002
 -1.8359374999999994E-001 -2.1243890348707703E-002
 -1.8203124999999992E-001 -1.9308576065470196E-002
 -1.8046874999999996E-001 -1.7367920596799036E-002
 -1.7890624999999999E-001 -1.5421965354105461E-002
 -1.7734374999999997E-001 -1.3470751786743271E-002
 -1.7578124999999994E-001 -1.1514321382912045E-002
 -1.7421874999999992E-001 -9.5527156709519535E-003
 -1.7265624999999996E-001 -7.5859762206774784E-003
 -1.7109374999999999E-001 -5.6141446442399441E-003
 -1.6953124999999997E-001 -3.6372625958921334E-003
 -1.6796874999999994E-001 -1.6553717691524879E-003
 -1.6640624999999992E-001  3.3148615616900593E-004
 -1.6484374999999996E-001  2.3232693951084301E-003
 -1.6328124999999999E-001  4.3199361861798831E-003
 -1.6171874999999997E-001  6.3214447156382152E-003
 -1.6015624999999994E-001  8.3277531167620638E-003
 -1.5859374999999992E-001  1.0338819493294604E-002
 -1.5703124999999996E-001  1.2354601921824870E-002
 -1.5546874999999999E-001  1.4375058451836837E-002
 -1.5390624999999997E-001  1.6400147104640307E-002
 -1.5234374999999994E-001  1.8429825871809496E-002
 -1.5078124999999992E-001  2.0464052713673325E-002
 -1.4921874999999996E-001  2.2502785558257105E-002
 -1.4765624999999999E-001  2.4545982300880027E-002
 -1.4609374999999997E-001  2.6593600804418267E-002
 -1.4453124999999994E-001  2.8645598900103212E-002
 -1.4296874999999992E-001  3.0701934388630232E-002
 -1.4140624999999996E-001  3.2762565041352207E-002
 -1.3984374999999999E-001  3.4827448601356593E-002
 -1.3828124999999997E-001  3.6896542784306367E-002
 -1.3671874999999994E-001  3.8969805279003809E-002
 -1.3515624999999992E-001  4.1047193747705213E-002
 -1.3359374999999996E-001  4.3128665826262569E-002
 -1.3203124999999999E-001  4.5214179124187077E-002
 -1.3046874999999997E-001  4.7303691224723950E-002
 -1.2890624999999994E-001  4.9397159684994224E-002
 -1.2734374999999992E-001  5.1494542036246774E-002
 -1.2578124999999996E-001  5.3595795784207187E-002
 -1.2421874999999999E-001  5.5700878409506029E-002
 -1.2265624999999997E-001  5.7809747368148000E-002
 -1.2109374999999994E-001  5.9922360091989077E-002
 -1.1953124999999992E-001  6.2038673989184168E-002
 -1.1796874999999996E-001  6.4158646444596984E-002
 -1.1640624999999999E-001  6.6282234820163835E-002
 -1.1484374999999997E-001  6.8409396455219859E-002
 -1.1328124999999994E-001  7.0540088666799311E-002
 -1.1171874999999992E-001  7.2674268749929549E-002
 -1.1015624999999996E-001  7.4811893977923524E-002
 -1.0859374999999999E-001  7.6952921602685007E-002
 -1.0703124999999997E-001  7.9097308855032508E-002
 -1.0546874999999994E-001  8.1245012945028491E-002
 -1.0390624999999992E-001  8.3395991062321179E-002
 -1.0234374999999996E-001  8.5550200376486599E-002
 -1.0078124999999999E-001  8.7707598037366372E-002
 -9.9218749999999967E-002  8.9868141175399360E-002
 -9.7656249999999944E-002  9.2031786901944523E-002
 -9.6093749999999922E-002  9.4198492309595983E-002
 -9.4531249999999956E-002  9.6368214472490457E-002
 -9.2968749999999989E-002  9.8540910446610397E-002
 -9.1406249999999967E-002  1.0071653727008849E-001
 -8.9843749999999944E-002  1.0289505196350868E-001
 -8.8281249999999922E-002  1.0507641153020542E-001
 -8.6718749999999956E-002  1.0726057295656811E-001
 -8.5156249999999989E-002  1.0944749321234383E-001
 -8.3593749999999967E-002  1.1163712925094001E-001
 -8.2031249999999944E-002  1.1382943800971694E-001
 -8.0468749999999922E-002  1.1602437641029359E-001
 -7.8906249999999956E-002  1.1822190135883313E-001
 -7.7343749999999989E-002  1.2042196974633852E-001
 -7.5781249999999967E-002  1.2262453844894122E-001
 -7.4218749999999944E-002  1.2482956432818709E-001
 -7.2656249999999922E-002  1.2703700423131856E-001
 -7.1093749999999956E-002  1.2924681499155910E-001
 -6.9531249999999989E-002  1.3145895342840150E-001
 -6.7968749999999967E-002  1.3367337634787738E-001
 -6.6406249999999944E-002  1.3589004054284162E-001
 -6.4843749999999922E-002  1.3810890279325380E-001
 -6.3281249999999956E-002  1.4032991986644971E-001
 -6.1718749999999989E-002  1.4255304851741690E-001
 -6.0156249999999967E-002  1.4477824548906726E-001
 -5.8593749999999944E-002  1.4700546751251137E-001
 -5.7031249999999922E-002  1.4923467130732357E-001
 -5.5468749999999956E-002  1.5146581358181577E-001
 -5.3906249999999989E-002  1.5369885103330067E-001
 -5.2343749999999967E-002  1.5593374034835664E-001
 -5.0781249999999944E-002  1.5817043820309590E-001
 -4.9218749999999922E-002  1.6040890126342555E-001
 -4.7656249999999956E-002  1.6264908618530907E-001
 -4.6093749999999989E-002  1.6489094961502915E-001
 -4.4531249999999967E-002  1.6713444818944545E-001
 -4.2968749999999944E-002  1.6937953853625515E-001
 -4.1406249999999922E-002  1.7162617727424581E-001
 -3.9843749999999956E-002  1.7387432101355449E-001
 -3.8281249999999989E-002  1.7612392635592514E-001
 -3.6718749999999967E-002  1.7837494989495847E-001
 -3.5156249999999944E-002  1.8062734821637086E-001
 -3.3593749999999922E-002  1.8288107789823616E-001
 -3.2031249999999956E-002  1.8513609551124516E-001
 -3.0468749999999989E-002  1.8739235761895776E-001
 -2.8906249999999967E-002  1.8964982077804288E-001
 -2.7343749999999944E-002  1.9190844153853343E-001
 -2.5781249999999922E-002  1.9416817644407586E-001
 -2.4218749999999956E-002  1.9642898203216907E-001
 -2.2656249999999989E-002  1.9869081483441764E-001
 -2.1093749999999967E-002  2.0095363137677569E-001
 -1.9531249999999944E-002  2.0321738817979135E-001
 -1.7968749999999922E-002  2.0548204175884474E-001
 -1.6406249999999956E-002  2.0774754862440128E-001
 -1.4843749999999989E-002  2.1001386528224802E-001
 -1.3281249999999967E-002  2.1228094823374055E-001
 -1.1718749999999944E-002  2.1454875397603321E-001
 -1.0156249999999922E-002  2.1681723900233529E-001
 -8.5937499999999556E-003  2.1908635980214211E-001
 -7.0312499999999889E-003  2.2135607286147849E-001
 -5.4687499999999667E-003  2.2362633466313317E-001
 -3.9062499999999445E-003  2.2589710168690733E-001
 -2.3437499999999223E-003  2.2816833040984566E-001
 -7.8124999999995559E-004  2.3043997730647547E-001
  7.8125000000006661E-004  2.3271199884904928E-001
  2.3437500000000888E-003  2.3498435150778069E-001
  3.9062500000000000E-003  2.3725699175107806E-001
  5.4687500000000222E-003  2.3952987604578768E-001
  7.0312500000000444E-003  2.4180296085742889E-001
  8.5937500000000666E-003  2.4407620265042818E-001
  1.0156250000000089E-002  2.4634955788836108E-001
  1.1718750000000000E-002  2.4862298303418487E-001
  1.3281250000000022E-002  2.5089643455047850E-001
  1.4843750000000044E-002  2.5316986889967574E-001
  1.6406250000000067E-002  2.5544324254430678E-001
  1.7968750000000089E-002  2.5771651194722572E-001
  1.9531250000000000E-002  2.5998963357186095E-001
  2.1093750000000022E-002  2.6226256388243580E-001
  2.2656250000000044E-002  2.6453525934422167E-001
  2.4218750000000067E-002  2.6680767642376474E-001
  2.5781250000000089E-002  2.6907977158912139E-001
  2.7343750000000000E-002  2.7135150131010638E-001
  2.8906250000000022E-002  2.7362282205851740E-001
  3.0468750000000044E-002  2.7589369030838512E-001
  3.2031250000000067E-002  2.7816406253620163E-001
  3.3593750000000089E-002  2.8043389522116485E-001
  3.5156250000000000E-002  2.8270314484541215E-001
  3.6718750000000022E-002  2.8497176789426359E-001
  3.8281250000000044E-002  2.8723972085646043E-001
  3.9843750000000067E-002  2.8950696022440825E-001
  4.1406250000000089E-002  2.9177344249440768E-001
  4.2968750000000000E-002  2.9403912416690381E-001
  4.4531250000000022E-002  2.9630396174673107E-001
  4.6093750000000044E-002  2.9856791174333863E-001
  4.7656250000000067E-002  3.0083093067105288E-001
  4.9218750000000089E-002  3.0309297504931010E-001
  5.0781250000000000E-002  3.0535400140289876E-001
  5.2343750000000022E-002  3.0761396626220511E-001
  5.3906250000000044E-002  3.0987282616346856E-001
  5.5468750000000067E-002  3.1213053764901161E-001
  5.7031250000000089E-002  3.1438705726749788E-001
  5.8593750000000000E-002  3.1664234157417337E-001
  6.0156250000000022E-002  3.1889634713111759E-001
  6.1718750000000044E-002  3.2114903050749494E-001
  6.3281250000000067E-002  3.2340034827980063E-001
  6.4843750000000089E-002  3.2565025703210820E-001
  6.6406250000000000E-002  3.2789871335633419E-001
  6.7968750000000022E-002  3.3014567385247895E-001
  6.9531250000000044E-002  3.3239109512888465E-001
  7.1093750000000067E-002  3.3463493380248727E-001
  7.2656250000000089E-002  3.3687714649908784E-001
  7.4218750000000000E-002  3.3911768985357776E-001
  7.5781250000000022E-002  3.4135652051023019E-001
  7.7343750000000044E-002  3.4359359512293913E-001
  7.8906250000000067E-002  3.4582887035549015E-001
  8.0468750000000089E-002  3.4806230288181395E-001
  8.2031250000000000E-002  3.5029384938625324E-001
  8.3593750000000022E-002  3.5252346656383265E-001
  8.5156250000000044E-002  3.5475111112051494E-001
  8.6718750000000067E-002  3.5697673977347150E-001
  8.8281250000000089E-002  3.5920030925135144E-001
  8.9843750000000000E-002  3.6142177629454580E-001
  9.1406250000000022E-002  3.6364109765547548E-001
  9.2968750000000044E-002  3.6585823009884033E-001
  9.4531250000000067E-002  3.6807313040190631E-001
  9.6093750000000089E-002  3.7028575535478664E-001
  9.7656250000000000E-002  3.7249606176069755E-001
  9.9218750000000022E-002  3.7470400643626728E-001
  1.0078125000000004E-001  3.7690954621178629E-001
  1.0234375000000007E-001  3.7911263793151068E-001
  1.0390625000000009E-001  3.8131323845393822E-001
  1.0546875000000000E-001  3.8351130465208710E-001
  1.0703125000000002E-001  3.8570679341379166E-001
  1.0859375000000004E-001  3.8789966164199607E-001
  1.1015625000000007E-001  3.9008986625502640E-001
  1.1171875000000009E-001  3.9227736418690090E-001
  1.1328125000000000E-001  3.9446211238761569E-001
  1.1484375000000002E-001  3.9664406782344580E-001
  1.1640625000000004E-001  3.9882318747723911E-001
  1.1796875000000007E-001  4.0099942834871749E-001
  1.1953125000000009E-001  4.0317274745477216E-001
  1.2109375000000000E-001  4.0534310182978633E-001
  1.2265625000000002E-001  4.0751044852592450E-001
  1.2421875000000004E-001  4.0967474461344677E-001
  1.2578125000000007E-001  4.1183594718101613E-001
  1.2734375000000009E-001  4.1399401333601188E-001
  1.2890625000000000E-001  4.1614890020485412E-001
  1.3046875000000002E-001  4.1830056493329631E-001
  1.3203125000000004E-001  4.2044896468677606E-001
  1.3359375000000007E-001  4.2259405665071259E-001
  1.3515625000000009E-001  4.2473579803083578E-001
  1.3671875000000000E-001  4.2687414605352197E-001
  1.3828125000000002E-001  4.2900905796610417E-001
  1.3984375000000004E-001  4.3114049103722085E-001
  1.4140625000000007E-001  4.3326840255713917E-001
  1.4296875000000009E-001  4.3539274983809179E-001
  1.4453125000000000E-001  4.3751349021461794E-001
  1.4609375000000002E-001  4.3963058104390329E-001
  1.4765625000000004E-001  4.4174397970611939E-001
  1.4921875000000007E-001  4.4385364360477114E-001
  1.5078125000000009E-001  4.4595953016704337E-001
  1.5234375000000000E-001  4.4806159684415908E-001
  1.5390625000000002E-001  4.5015980111173337E-001
  1.5546875000000004E-001  4.5225410047011361E-001
  1.5703125000000007E-001  4.5434445244475391E-001
  1.5859375000000009E-001  4.5643081458657453E-001
  1.6015625000000000E-001  4.5851314447232278E-001
  1.6171875000000002E-001  4.6059139970494661E-001
  1.6328125000000004E-001  4.6266553791395321E-001
  1.6484375000000007E-001  4.6473551675579883E-001
  1.6640625000000009E-001  4.6680129391425168E-001
  1.6796875000000000E-001  4.6886282710077376E-001
  1.6953125000000002E-001  4.7092007405490938E-001
  1.7109375000000004E-001  4.7297299254466563E-001
  1.7265625000000007E-001  4.7502154036690147E-001
  1.7421875000000009E-001  4.7706567534771183E-001
  1.7578125000000000E-001  4.7910535534283932E-001
  1.7734375000000002E-001  4.8114053823805691E-001
  1.7890625000000004E-001  4.8317118194957381E-001
  1.8046875000000007E-001  4.8519724442443807E-001
  1.8203125000000009E-001  4.8721868364094784E-001
  1.8359375000000000E-001  4.8923545760905368E-001
  1.8515625000000002E-001  4.9124752437079067E-001
  1.8671875000000004E-001  4.9325484200067110E-001
  1.8828125000000007E-001  4.9525736860612313E-001
  1.8984375000000009E-001  4.9725506232790595E-001
  1.9140625000000000E-001  4.9924788134054371E-001
  1.9296875000000002E-001  5.0123578385275036E-001
  1.9453125000000004E-001  5.0321872810787727E-001
  1.9609375000000007E-001  5.0519667238432231E-001
  1.9765625000000009E-001  5.0716957499600790E-001
  1.9921875000000011E-001  5.0913739429280136E-001
  2.0078125000000013E-001  5.1110008866097734E-001
  2.0234375000000004E-001  5.1305761652365656E-001
  2.0390625000000007E-001  5.1500993634128234E-001
  2.0546875000000009E-001  5.1695700661205135E-001
  2.0703125000000011E-001  5.1889878587240978E-001
  2.0859375000000013E-001  5.2083523269750021E-001
  2.1015625000000004E-001  5.2276630570163807E-001
  2.1171875000000007E-001  5.2469196353879022E-001
  2.1328125000000009E-001  5.2661216490305396E-001
  2.1484375000000011E-001  5.2852686852913200E-001
  2.1640625000000013E-001  5.3043603319283594E-001
  2.1796875000000004E-001  5.3233961771155902E-001
  2.1953125000000007E-001  5.3423758094477924E-001
  2.2109375000000009E-001  5.3612988179456345E-001
  2.2265625000000011E-001  5.3801647920607021E-001
  2.2421875000000013E-001  5.3989733216804514E-001
  2.2578125000000004E-001  5.4177239971334512E-001
  2.2734375000000007E-001  5.4364164091945377E-001
  2.2890625000000009E-001  5.4550501490899361E-001
  2.3046875000000011E-001  5.4736248085025263E-001
  2.3203125000000013E-001  5.4921399795772508E-001
  2.3359375000000004E-001  5.5105952549262616E-001
  2.3515625000000007E-001  5.5289902276343894E-001
  2.3671875000000009E-001  5.5473244912646180E-001
  2.3828125000000011E-001  5.5655976398633744E-001
  2.3984375000000013E-001  5.5838092679661822E-001
  2.4140625000000004E-001  5.6019589706032757E-001
  2.4296875000000007E-001  5.6200463433049519E-001
  2.4453125000000009E-001  5.6380709821073494E-001
  2.4609375000000011E-001  5.6560324835582521E-001
  2.4765625000000013E-001  5.6739304447226213E-001
  2.4921875000000004E-001  5.6917644631885378E-001
  2.5078125000000007E-001  5.7095341370728458E-001
  2.5234375000000009E-001  5.7272390650272176E-001
  2.5390625000000011E-001  5.7448788462440459E-001
  2.5546875000000013E-001  5.7624530804622065E-001
  2.5703125000000004E-001  5.7799613679733353E-001
  2.5859375000000007E-001  5.7974033096277777E-001
  2.6015625000000009E-001  5.8147785068407187E-001
  2.6171875000000011E-001  5.8320865615983097E-001
  2.6328125000000013E-001  5.8493270764639349E-001
  2.6484375000000004E-001  5.8664996545844306E-001
  2.6640625000000007E-001  5.8836038996964801E-001
  2.6796875000000009E-001  5.9006394161327902E-001
  2.6953125000000011E-001  5.9176058088288319E-001
  2.7109375000000013E-001  5.9345026833288572E-001
  2.7265625000000004E-001  5.9513296457927867E-001
  2.7421875000000007E-001  5.9680863030026321E-001
  2.7578125000000009E-001  5.9847722623691424E-001
  2.7734375000000011E-001  6.0013871319383416E-001
  2.7890625000000013E-001  6.0179305203985367E-001
  2.8046875000000004E-001  6.0344020370867724E-001
  2.8203125000000007E-001  6.0508012919959442E-001
  2.8359375000000009E-001  6.0671278957813746E-001
  2.8515625000000011E-001  6.0833814597680214E-001
  2.8671875000000013E-001  6.0995615959573424E-001
  2.8828125000000004E-001  6.1156679170343853E-001
  2.8984375000000007E-001  6.1317000363747431E-001
  2.9140625000000009E-001  6.1476575680518741E-001
  2.9296875000000011E-001  6.1635401268443102E-001
  2.9453125000000013E-001  6.1793473282427014E-001
  2.9609375000000004E-001  6.1950787884574288E-001
  2.9765625000000007E-001  6.2107341244257475E-001
  2.9921875000000009E-001  6.2263129538193240E-001
  3.0078125000000011E-001  6.2418148950516472E-001
  3.0234375000000013E-001  6.2572395672857306E-001
  3.0390625000000004E-001  6.2725865904414935E-001
  3.0546875000000007E-001  6.2878555852034679E-001
  3.0703125000000009E-001  6.3030461730287335E-001
  3.0859375000000011E-001  6.3181579761543560E-001
  3.1015625000000013E-001  6.3331906176054797E-001
  3.1171875000000004E-001  6.3481437212030611E-001
  3.1328125000000007E-001  6.3630169115718660E-001
  3.1484375000000009E-001  6.3778098141484152E-001
  3.1640625000000011E-001  6.3925220551891881E-001
  3.1796875000000013E-001  6.4071532617785443E-001
  3.1953125000000004E-001  6.4217030618371296E-001
  3.2109375000000007E-001  6.4361710841299824E-001
  3.2265625000000009E-001  6.4505569582747013E-001
  3.2421875000000011E-001  6.4648603147501704E-001
  3.2578125000000013E-001  6.4790807849046173E-001
  3.2734375000000004E-001  6.4932180009642515E-001
  3.2890625000000007E-001  6.5072715960418848E-001
  3.3046875000000009E-001  6.5212412041453716E-001
  3.3203125000000011E-001  6.5351264601863857E-001
  3.3359375000000013E-001  6.5489269999890665E-001
  3.3515625000000004E-001  6.5626424602988509E-001
  3.3671875000000007E-001  6.5762724787913895E-001
  3.3828125000000009E-001  6.5898166940813319E-001
  3.3984375000000011E-001  6.6032747457313234E-001
  3.4140625000000013E-001  6.6166462742611987E-001
  3.4296875000000004E-001  6.6299309211569113E-001
  3.4453125000000007E-001  6.6431283288796306E-001
  3.4609375000000009E-001  6.6562381408751981E-001
  3.4765625000000011E-001  6.6692600015832515E-001
  3.4921875000000013E-001  6.6821935564466817E-001
  3.5078125000000004E-001  6.6950384519210204E-001
  3.5234375000000007E-001  6.7077943354838043E-001
  3.5390625000000009E-001  6.7204608556441470E-001
  3.5546875000000011E-001  6.7330376619525811E-001
  3.5703125000000013E-001  6.7455244050104501E-001
  3.5859375000000004E-001  6.7579207364797356E-001
  3.6015625000000007E-001  6.7702263090930370E-001
  3.6171875000000009E-001  6.7824407766630634E-001
  3.6328125000000011E-001  6.7945637940929071E-001
  3.6484375000000013E-001  6.8065950173858625E-001
  3.6640625000000004E-001  6.8185341036555958E-001
  3.6796875000000007E-001  6.8303807111361625E-001
  3.6953125000000009E-001  6.8421344991922595E-001
  3.7109375000000011E-001  6.8537951283294696E-001
  3.7265625000000013E-001  6.8653622602047026E-001
  3.7421875000000004E-001  6.8768355576363249E-001
  3.7578125000000007E-001  6.8882146846148007E-001
  3.7734375000000009E-001  6.8994993063132393E-001
  3.7890625000000011E-001  6.9106890890978889E-001
  3.8046875000000013E-001  6.9217837005388438E-001
  3.8203125000000004E-001  6.9327828094207067E-001
  3.8359375000000007E-001  6.9436860857534477E-001
  3.8515625000000009E-001  6.9544932007831273E-001
  3.8671875000000011E-001  6.9652038270030858E-001
  3.8828125000000013E-001  6.9758176381647052E-001
  3.8984375000000004E-001  6.9863343092883590E-001
  3.9140625000000007E-001  6.9967535166749595E-001
  3.9296875000000009E-001  7.0070749379165909E-001
  3.9453125000000011E-001  7.0172982519082527E-001
  3.9609375000000013E-001  7.0274231388588060E-001
  3.9765625000000004E-001  7.0374492803026145E-001
  3.9921875000000007E-001  7.0473763591109306E-001
  4.0078125000000009E-001  7.0572040595033292E-001
  4.0234375000000011E-001  7.0669320670593483E-001
  4.0390625000000013E-001  7.0765600687302188E-001
  4.0546875000000004E-001  7.0860877528503918E-001
  4.0703125000000007E-001  7.0955148091495590E-001
  4.0859375000000009E-001  7.1048409287642589E-001
  4.1015625000000011E-001  7.1140658042500871E-001
  4.1171875000000013E-001  7.1231891295933525E-001
  4.1328125000000004E-001  7.1322106002235353E-001
  4.1484375000000007E-001  7.1411299130249195E-001
  4.1640625000000009E-001  7.1499467663490879E-001
  4.1796875000000011E-001  7.1586608600272661E-001
  4.1953125000000013E-001  7.1672718953822223E-001
  4.2109375000000004E-001  7.1757795752410858E-001
  4.2265625000000007E-001  7.1841836039477347E-001
  4.2421875000000009E-001  7.1924836873749964E-001
  4.2578125000000011E-001  7.2006795329373052E-001
  4.2734375000000013E-001  7.2087708496038261E-001
  4.2890625000000004E-001  7.2167573479106095E-001
  4.3046875000000007E-001  7.2246387399735068E-001
  4.3203125000000009E-001  7.2324147395011529E-001
  4.3359375000000011E-001  7.2400850618078871E-001
  4.3515625000000013E-001  7.2476494238265099E-001
  4.3671875000000004E-001  7.2551075441213686E-001
  4.3828125000000007E-001  7.2624591429015917E-001
  4.3984375000000009E-001  7.2697039420343257E-001
  4.4140625000000011E-001  7.2768416650575141E-001
  4.4296875000000013E-001  7.2838720371937571E-001
  4.4453125000000004E-001  7.2907947853631894E-001
  4.4609375000000007E-001  7.2976096381973155E-001
  4.4765625000000009E-001  7.3043163260520716E-001
  4.4921875000000011E-001  7.3109145810216647E-001
  4.5078125000000013E-001  7.3174041369521614E-001
  4.5234375000000004E-001  7.3237847294548564E-001
  4.5390625000000007E-001  7.3300560959204730E-001
  4.5546875000000009E-001  7.3362179755324908E-001
  4.5703125000000011E-001  7.3422701092812759E-001
  4.5859375000000013E-001  7.3482122399779748E-001
  4.6015625000000004E-001  7.3540441122682809E-001
  4.6171875000000007E-001  7.3597654726466877E-001
  4.6328125000000009E-001  7.3653760694704673E-001
  4.6484375000000011E-001  7.3708756529738351E-001
  4.6640625000000013E-001  7.3762639752822245E-001
  4.6796875000000004E-001  7.3815407904263630E-001
  4.6953125000000007E-001  7.3867058543567965E-001
  4.7109375000000009E-001  7.3917589249582583E-001
  4.7265625000000011E-001  7.3966997620638986E-001
  4.7421875000000013E-001  7.4015281274699407E-001
  4.7578125000000004E-001  7.4062437849502094E-001
  4.7734375000000007E-001  7.4108465002708102E-001
  4.7890625000000009E-001  7.4153360412045999E-001
  4.8046875000000011E-001  7.4197121775460029E-001
  4.8203125000000013E-001  7.4239746811258023E-001
  4.8359375000000004E-001  7.4281233258259616E-001
  4.8515625000000007E-001  7.4321578875943206E-001
  4.8671875000000009E-001  7.4360781444598067E-001
  4.8828125000000011E-001  7.4398838765472208E-001
  4.8984375000000013E-001  7.4435748660922540E-001
  4.9140625000000004E-001  7.4471508974565626E-001
  4.9296875000000007E-001  7.4506117571431008E-001
  4.9453125000000009E-001  7.4539572338110527E-001
  4.9609375000000011E-001  7.4571871182910832E-001
  4.9765625000000013E-001  7.4603012036006777E-001
  4.9921875000000004E-001  7.4632992849594471E-001
  5.0078125000000007E-001  7.4661811598045302E-001
  5.0234375000000009E-001  7.4689466278058114E-001
  5.0390625000000011E-001  7.4715954908815241E-001
  5.0546875000000013E-001  7.4741275532139628E-001
  5.0703125000000004E-001  7.4765426212645425E-001
  5.0859375000000007E-001  7.4788405037895378E-001
  5.1015625000000009E-001  7.4810210118560982E-001
  5.1171875000000011E-001  7.4830839588573017E-001
  5.1328125000000013E-001  7.4850291605283736E-001
  5.1484375000000004E-001  7.4868564349620159E-001
  5.1640625000000007E-001  7.4885656026245151E-001
  5.1796875000000009E-001  7.4901564863713233E-001
  5.1953125000000011E-001  7.4916289114630286E-001
  5.2109375000000013E-001  7.4929827055812515E-001
  5.2265625000000004E-001  7.4942176988444076E-001
  5.2421875000000007E-001  7.4953337238238193E-001
  5.2578125000000009E-001  7.4963306155598008E-001
  5.2734375000000011E-001  7.4972082115773453E-001
  5.2890625000000013E-001  7.4979663519024464E-001
  5.3046875000000004E-001  7.4986048790779913E-001
  5.3203125000000007E-001  7.4991236381801585E-001
  5.3359375000000009E-001  7.4995224768341051E-001
  5.3515625000000011E-001  7.4998012452304996E-001
  5.3671875000000013E-001  7.4999597961415565E-001
  5.3828125000000004E-001  7.4999979849372600E-001
  5.3984375000000007E-001  7.4999156696016067E-001
  5.4140625000000009E-001  7.4997127107487616E-001
  5.4296875000000011E-001  7.4993889716394280E-001
  5.4453125000000013E-001  7.4989443181970694E-001
  5.4609375000000004E-001  7.4983786190244051E-001
  5.4765625000000007E-001  7.4976917454194225E-001
  5.4921875000000009E-001  7.4968835713919013E-001
  5.5078125000000011E-001  7.4959539736798131E-001
  5.5234375000000013E-001  7.4949028317655131E-001
  5.5390625000000004E-001  7.4937300278923080E-001
  5.5546875000000007E-001  7.4924354470806731E-001
  5.5703125000000009E-001  7.4910189771448488E-001
  5.5859375000000011E-001  7.4894805087088256E-001
  5.6015625000000013E-001  7.4878199352234087E-001
  5.6171875000000004E-001  7.4860371529820113E-001
  5.6328125000000007E-001  7.4841320611373907E-001
  5.6484375000000009E-001  7.4821045617180904E-001
  5.6640625000000011E-001  7.4799545596445971E-001
  5.6796875000000013E-001  7.4776819627460844E-001
  5.6953125000000004E-001  7.4752866817765140E-001
  5.7109375000000007E-001  7.4727686304314500E-001
  5.7265625000000009E-001  7.4701277253639453E-001
  5.7421875000000011E-001  7.4673638862012626E-001
  5.7578125000000013E-001  7.4644770355613266E-001
  5.7734375000000004E-001  7.4614670990688137E-001
  5.7890625000000007E-001  7.4583340053718283E-001
  5.8046875000000009E-001  7.4550776861580614E-001
  5.8203125000000011E-001  7.4516980761711027E-001
  5.8359375000000013E-001  7.4481951132269331E-001
  5.8515625000000004E-001  7.4445687382299297E-001
  5.8671875000000007E-001  7.4408188951896181E-001
  5.8828125000000009E-001  7.4369455312364263E-001
  5.8984375000000011E-001  7.4329485966381192E-001
  5.9140625000000013E-001  7.4288280448161514E-001
  5.9296875000000004E-001  7.4245838323616498E-001
  5.9453125000000007E-001  7.4202159190515593E-001
  5.9609375000000009E-001  7.4157242678649082E-001
  5.9765625000000011E-001  7.4111088449987939E-001
  5.9921875000000013E-001  7.4063696198844831E-001
  6.0078125000000004E-001  7.4015065652032841E-001
  6.0234375000000007E-001  7.3965196569026781E-001
  6.0390625000000009E-001  7.3914088742123174E-001
  6.0546875000000011E-001  7.3861741996596042E-001
  6.0703125000000013E-001  7.3808156190858354E-001
  6.0859375000000004E-001  7.3753331216619056E-001
  6.1015625000000007E-001  7.3697266999039868E-001
  6.1171875000000009E-001  7.3639963496893868E-001
  6.1328125000000011E-001  7.3581420702719735E-001
  6.1484375000000013E-001  7.3521638642980092E-001
  6.1640625000000004E-001  7.3460617378215209E-001
  6.1796875000000007E-001  7.3398357003197390E-001
  6.1953125000000009E-001  7.3334857647087903E-001
  6.2109375000000011E-001  7.3270119473587803E-001
  6.2265625000000013E-001  7.3204142681090256E-001
  6.2421875000000004E-001  7.3136927502835958E-001
  6.2578125000000007E-001  7.3068474207060796E-001
  6.2734375000000009E-001  7.2998783097150954E-001
  6.2890625000000011E-001  7.2927854511788370E-001
  6.3046875000000013E-001  7.2855688825103648E-001
  6.3203125000000004E-001  7.2782286446821809E-001
  6.3359375000000007E-001  7.2707647822412613E-001
  6.3515625000000009E-001  7.2631773433234015E-001
  6.3671875000000011E-001  7.2554663796682994E-001
  6.3828125000000013E-001  7.2476319466335415E-001
  6.3984375000000004E-001  7.2396741032092538E-001
  6.4140625000000007E-001  7.2315929120326361E-001
  6.4296875000000009E-001  7.2233884394019876E-001
  6.4453125000000011E-001  7.2150607552906187E-001
  6.4609375000000013E-001  7.2066099333612954E-001
  6.4765625000000004E-001  7.1980360509799779E-001
  6.4921875000000007E-001  7.1893391892296576E-001
  6.5078125000000009E-001  7.1805194329241873E-001
  6.5234375000000011E-001  7.1715768706217087E-001
  6.5390625000000013E-001  7.1625115946382323E-001
  6.5546875000000004E-001  7.1533237010611028E-001
  6.5703125000000007E-001  7.1440132897622100E-001
  6.5859375000000009E-001  7.1345804644111233E-001
  6.6015625000000011E-001  7.1250253324881518E-001
  6.6171875000000013E-001  7.1153480052972395E-001
  6.6328125000000004E-001  7.1055485979787347E-001
  6.6484375000000007E-001  7.0956272295220590E-001
  6.6640625000000009E-001  7.0855840227782252E-001
  6.6796875000000011E-001  7.0754191044720904E-001
  6.6953125000000013E-001  7.0651326052148977E-001
  6.7109375000000004E-001  7.0547246595161095E-001
  6.7265625000000007E-001  7.0441954057954570E-001
  6.7421875000000009E-001  7.0335449863949107E-001
  6.7578125000000011E-001  7.0227735475899811E-001
  6.7734375000000013E-001  7.0118812396015540E-001
  6.7890625000000004E-001  7.0008682166071368E-001
  6.8046875000000007E-001  6.9897346367523328E-001
  6.8203125000000009E-001  6.9784806621613771E-001
  6.8359375000000011E-001  6.9671064589485032E-001
  6.8515625000000013E-001  6.9556121972283580E-001
  6.8671875000000004E-001  6.9439980511267441E-001
  6.8828125000000007E-001  6.9322641987910705E-001
  6.8984375000000009E-001  6.9204108224003846E-001
  6.9140625000000011E-001  6.9084381081755109E-001
  6.9296875000000013E-001  6.8963462463889624E-001
  6.9453125000000004E-001  6.8841354313745484E-001
  6.9609375000000007E-001  6.8718058615369804E-001
  6.9765625000000009E-001  6.8593577393611571E-001
  6.9921875000000011E-001  6.8467912714213219E-001
  7.0078125000000013E-001  6.8341066683898555E-001
  7.0234375000000004E-001  6.8213041450463252E-001
  7.0390625000000007E-001  6.8083839202857377E-001
  7.0546875000000009E-001  6.7953462171272028E-001
  7.0703125000000011E-001  6.7821912627218339E-001
  7.0859375000000013E-001  6.7689192883607963E-001
  7.1015625000000004E-001  6.7555305294831325E-001
  7.1171875000000007E-001  6.7420252256832014E-001
  7.1328125000000009E-001  6.7284036207180697E-001
  7.1484375000000011E-001  6.7146659625144922E-001
  7.1640625000000013E-001  6.7008125031761268E-001
  7.1796875000000004E-001  6.6868434989897763E-001
  7.1953125000000007E-001  6.6727592104321198E-001
  7.2109375000000009E-001  6.6585599021760422E-001
  7.2265625000000011E-001  6.6442458430963092E-001
  7.2421875000000013E-001  6.6298173062755139E-001
  7.2578125000000004E-001  6.6152745690096582E-001
  7.2734375000000007E-001  6.6006179128134934E-001
  7.2890625000000009E-001  6.5858476234253005E-001
  7.3046875000000011E-001  6.5709639908120177E-001
  7.3203125000000013E-001  6.5559673091737014E-001
  7.3359375000000004E-001  6.5408578769478609E-001
  7.3515625000000007E-001  6.5256359968134703E-001
  7.3671875000000009E-001  6.5103019756949099E-001
  7.3828125000000011E-001  6.4948561247655312E-001
  7.3984375000000013E-001  6.4792987594508722E-001
  7.4140625000000004E-001  6.4636301994319212E-001
  7.4296875000000007E-001  6.4478507686476350E-001
  7.4453125000000009E-001  6.4319607952976987E-001
  7.4609375000000011E-001  6.4159606118446588E-001
  7.4765625000000013E-001  6.3998505550161289E-001
  7.4921875000000004E-001  6.3836309658062274E-001
  7.5078125000000007E-001  6.3673021894772008E-001
  7.5234375000000009E-001  6.3508645755606252E-001
  7.5390625000000011E-001  6.3343184778581951E-001
  7.5546875000000013E-001  6.3176642544424522E-001
  7.5703125000000004E-001  6.3009022676569970E-001
  7.5859375000000007E-001  6.2840328841166315E-001
  7.6015625000000009E-001  6.2670564747072022E-001
  7.6171875000000011E-001  6.2499734145847863E-001
  7.6328125000000013E-001  6.2327840831750558E-001
  7.6484375000000004E-001  6.2154888641722505E-001
  7.6640625000000007E-001  6.1980881455376013E-001
  7.6796875000000009E-001  6.1805823194977094E-001
  7.6953125000000011E-001  6.1629717825423391E-001
  7.7109375000000013E-001  6.1452569354223463E-001
  7.7265625000000004E-001  6.1274381831470581E-001
  7.7421875000000007E-001  6.1095159349810957E-001
  7.7578125000000009E-001  6.0914906044412542E-001
  7.7734375000000011E-001  6.0733626092929849E-001
  7.7890625000000013E-001  6.0551323715465621E-001
  7.8046875000000004E-001  6.0368003174527451E-001
  7.8203125000000007E-001  6.0183668774984422E-001
  7.8359375000000009E-001  5.9998324864018204E-001
  7.8515625000000011E-001  5.9811975831070574E-001
  7.8671875000000013E-001  5.9624626107790935E-001
  7.8828125000000004E-001  5.9436280167976263E-001
  7.8984375000000007E-001  5.9246942527511781E-001
  7.9140625000000009E-001  5.9056617744304485E-001
  7.9296875000000011E-001  5.8865310418217331E-001
  7.9453125000000013E-001  5.8673025190997319E-001
  7.9609375000000004E-001  5.8479766746200568E-001
  7.9765625000000007E-001  5.8285539809114995E-001
  7.9921875000000009E-001  5.8090349146680098E-001
  8.0078125000000011E-001  5.7894199567400706E-001
  8.0234375000000013E-001  5.7697095921260810E-001
  8.0390625000000004E-001  5.7499043099630953E-001
  8.0546875000000007E-001  5.7300046035174490E-001
  8.0703125000000009E-001  5.7100109701748936E-001
  8.0859375000000011E-001  5.6899239114304867E-001
  8.1015625000000013E-001  5.6697439328779320E-001
  8.1171875000000004E-001  5.6494715441989840E-001
  8.1328125000000007E-001  5.6291072591520741E-001
  8.1484375000000009E-001  5.6086515955607819E-001
  8.1640625000000011E-001  5.5881050753019668E-001
  8.1796875000000013E-001  5.5674682242937068E-001
  8.1953125000000004E-001  5.5467415724823110E-001
  8.2109375000000007E-001  5.5259256538295887E-001
  8.2265625000000009E-001  5.5050210062996729E-001
  8.2421875000000011E-001  5.4840281718451356E-001
  8.2578125000000013E-001  5.4629476963931545E-001
  8.2734375000000004E-001  5.4417801298310364E-001
  8.2890625000000007E-001  5.4205260259914989E-001
  8.3046875000000009E-001  5.3991859426376454E-001
  8.3203125000000011E-001  5.3777604414475966E-001
  8.3359375000000013E-001  5.3562500879984820E-001
  8.3515625000000004E-001  5.3346554517505618E-001
  8.3671875000000007E-001  5.3129771060305675E-001
  8.3828125000000009E-001  5.2912156280147649E-001
  8.3984375000000011E-001  5.2693715987119161E-001
  8.4140625000000013E-001  5.2474456029456507E-001
  8.4296875000000004E-001  5.2254382293364532E-001
  8.4453125000000007E-001  5.2033500702833824E-001
  8.4609375000000009E-001  5.1811817219454792E-001
  8.4765625000000011E-001  5.1589337842228744E-001
  8.4921875000000013E-001  5.1366068607369453E-001
  8.5078125000000004E-001  5.1142015588112588E-001
  8.5234375000000007E-001  5.0917184894509371E-001
  8.5390625000000009E-001  5.0691582673224411E-001
  8.5546875000000011E-001  5.0465215107328953E-001
  8.5703125000000013E-001  5.0238088416086968E-001
  8.5859375000000004E-001  5.0010208854740956E-001
  8.6015625000000007E-001  4.9781582714294242E-001
  8.6171875000000009E-001  4.9552216321287551E-001
  8.6328125000000011E-001  4.9322116037574498E-001
  8.6484375000000013E-001  4.9091288260090399E-001
  8.6640625000000004E-001  4.8859739420621573E-001
  8.6796875000000007E-001  4.8627475985568824E-001
  8.6953125000000009E-001  4.8394504455706944E-001
  8.7109375000000011E-001  4.8160831365940882E-001
  8.7265625000000013E-001  4.7926463285060639E-001
  8.7421875000000004E-001  4.7691406815490744E-001
  8.7578125000000007E-001  4.7455668593035732E-001
  8.7734375000000009E-001  4.7219255286623496E-001
  8.7890625000000011E-001  4.6982173598044780E-001
  8.8046875000000013E-001  4.6744430261690578E-001
  8.8203125000000004E-001  4.6506032044282364E-001
  8.8359375000000007E-001  4.6266985744603073E-001
  8.8515625000000009E-001  4.6027298193223587E-001
  8.8671875000000011E-001  4.5786976252223410E-001
  8.8828125000000013E-001  4.5546026814911711E-001
  8.8984375000000004E-001  4.5304456805543220E-001
  8.9140625000000007E-001  4.5062273179029200E-001
  8.9296875000000009E-001  4.4819482920649306E-001
  8.9453125000000011E-001  4.4576093045755855E-001
  8.9609375000000013E-001  4.4332110599478092E-001
  8.9765625000000004E-001  4.4087542656421275E-001
  8.9921875000000007E-001  4.3842396320363114E-001
  9.0078125000000009E-001  4.3596678723947524E-001
  9.0234375000000011E-001  4.3350397028375415E-001
  9.0390625000000013E-001  4.3103558423091304E-001
  9.0546875000000004E-001  4.2856170125466364E-001
  9.0703125000000007E-001  4.2608239380481627E-001
  9.0859375000000009E-001  4.2359773460404193E-001
  9.1015625000000011E-001  4.2110779664463677E-001
  9.1171875000000013E-001  4.1861265318523067E-001
  9.1328125000000004E-001  4.1611237774747528E-001
  9.1484375000000007E-001  4.1360704411272120E-001
  9.1640625000000009E-001  4.1109672631863969E-001
  9.1796875000000011E-001  4.0858149865582449E-001
  9.1953125000000013E-001  4.0606143566436947E-001
  9.2109375000000004E-001  4.0353661213042302E-001
  9.2265625000000007E-001  4.0100710308269905E-001
  9.2421875000000009E-001  3.9847298378896989E-001
  9.2578125000000011E-001  3.9593432975254406E-001
  9.2734375000000013E-001  3.9339121670868532E-001
  9.2890625000000004E-001  3.9084372062104206E-001
  9.3046875000000007E-001  3.8829191767802246E-001
  9.3203125000000009E-001  3.8573588428916228E-001
  9.3359375000000011E-001  3.8317569708146398E-001
  9.3515625000000013E-001  3.8061143289568788E-001
  9.3671875000000004E-001  3.7804316878266297E-001
  9.3828125000000007E-001  3.7547098199954138E-001
  9.3984375000000009E-001  3.7289495000601336E-001
  9.4140625000000011E-001  3.7031515046055835E-001
  9.4296875000000013E-001  3.6773166121661793E-001
  9.4453125000000004E-001  3.6514456031876341E-001
  9.4609375000000007E-001  3.6255392599884451E-001
  9.4765625000000009E-001  3.5995983667211801E-001
  9.4921875000000011E-001  3.5736237093335449E-001
  9.5078125000000013E-001  3.5476160755290898E-001
  9.5234375000000004E-001  3.5215762547279200E-001
  9.5390625000000007E-001  3.4955050380271441E-001
  9.5546875000000009E-001  3.4694032181610163E-001
  9.5703125000000011E-001  3.4432715894609878E-001
  9.5859375000000013E-001  3.4171109478156714E-001
  9.6015625000000004E-001  3.3909220906302912E-001
  9.6171875000000007E-001  3.3647058167863486E-001
  9.6328125000000009E-001  3.3384629266008442E-001
  9.6484375000000011E-001  3.3121942217854139E-001
  9.6640625000000013E-001  3.2859005054053247E-001
  9.6796875000000004E-001  3.2595825818382668E-001
  9.6953125000000007E-001  3.2332412567330820E-001
  9.7109375000000009E-001  3.2068773369680881E-001
  9.7265625000000011E-001  3.1804916306096592E-001
  9.7421875000000013E-001  3.1540849468703303E-001
  9.7578125000000004E-001  3.1276580960668210E-001
  9.7734375000000007E-001  3.1012118895781127E-001
  9.7890625000000009E-001  3.0747471398031323E-001
  9.8046875000000011E-001  3.0482646601186331E-001
  9.8203125000000013E-001  3.0217652648365512E-001
  9.8359375000000004E-001  2.9952497691616647E-001
  9.8515625000000007E-001  2.9687189891488680E-001
  9.8671875000000009E-001  2.9421737416603577E-001
  9.8828125000000011E-001  2.9156148443230218E-001
  9.8984375000000013E-001  2.8890431154852986E-001
  9.9140625000000004E-001  2.8624593741741888E-001
  9.9296875000000007E-001  2.8358644400522698E-001
  9.9453125000000009E-001  2.8092591333744649E-001
  9.9609375000000011E-001  2.7826442749447217E-001
  9.9765625000000013E-001  2.7560206860727915E-001
  9.9921875000000004E-001  2.7293891885308363E-001
