 -9.9375000000000002E-001  2.6094699939865057E-001
 -9.8124999999999996E-001  2.3961621893564863E-001
 -9.6875000000000000E-001  2.1830596665173682E-001
 -9.5625000000000004E-001  1.9705834324678814E-001
 -9.4374999999999998E-001  1.7591523780471358E-001
 -9.3125000000000002E-001  1.5491818767596330E-001
 -9.1874999999999996E-001  1.3410824097797072E-001
 -9.0625000000000000E-001  1.1352582233077016E-001
 -8.9375000000000004E-001  9.3210602388783315E-002
 -8.8124999999999998E-001  7.3201371911523788E-002
 -8.6875000000000002E-001  5.3535921541747841E-002
 -8.5624999999999996E-001  3.4250928972912015E-002
 -8.4375000000000000E-001  1.5381855481366523E-002
 -8.3125000000000004E-001 -3.0371749159034574E-003
 -8.1874999999999998E-001 -2.0973311655617027E-002
 -8.0625000000000002E-001 -3.8395235081263510E-002
 -7.9374999999999996E-001 -5.5273192701806799E-002
 -7.8125000000000000E-001 -7.1578998715888575E-002
 -7.6875000000000004E-001 -8.7286101863201807E-002
 -7.5624999999999998E-001 -1.0236962704817679E-001
 -7.4375000000000002E-001 -1.1680640724643740E-001
 -7.3124999999999996E-001 -1.3057500590352297E-001
 -7.1875000000000000E-001 -1.4365573032660575E-001
 -7.0624999999999993E-001 -1.5603063668294312E-001
 -6.9374999999999998E-001 -1.6768352723703353E-001
 -6.8125000000000002E-001 -1.7859994044009714E-001
 -6.6874999999999996E-001 -1.8876713446186649E-001
 -6.5625000000000000E-001 -1.9817406473746804E-001
 -6.4374999999999993E-001 -2.0681135609244575E-001
 -6.3124999999999998E-001 -2.1467127000336791E-001
 -6.1875000000000002E-001 -2.2174766754607042E-001
 -6.0624999999999996E-001 -2.2803596857549555E-001
 -5.9375000000000000E-001 -2.3353310766874530E-001
 -5.8124999999999993E-001 -2.3823748734583991E-001
 -5.6874999999999998E-001 -2.4214892906117672E-001
 -5.5625000000000002E-001 -2.4526862243333863E-001
 -5.4374999999999996E-001 -2.4759907315268137E-001
 -5.3125000000000000E-001 -2.4914404997575076E-001
 -5.1874999999999993E-001 -2.4990853118391548E-001
 -5.0624999999999998E-001 -2.4989865085126403E-001
 -4.9374999999999997E-001 -2.4912164523438479E-001
 -4.8124999999999996E-001 -2.4758579956466381E-001
 -4.6875000000000000E-001 -2.4530039549250257E-001
 -4.5624999999999999E-001 -2.4227565940274806E-001
 -4.4374999999999998E-001 -2.3852271179182716E-001
 -4.3124999999999997E-001 -2.3405351786974354E-001
 -4.1874999999999996E-001 -2.2888083952428201E-001
 -4.0624999999999994E-001 -2.2301818876044019E-001
 -3.9374999999999993E-001 -2.1647978270521157E-001
 -3.8124999999999998E-001 -2.0928050024620501E-001
 -3.6874999999999997E-001 -2.0143584035222559E-001
 -3.5624999999999996E-001 -1.9296188210482665E-001
 -3.4374999999999994E-001 -1.8387524645250372E-001
 -3.3124999999999993E-001 -1.7419305968440946E-001
 -3.1874999999999998E-001 -1.6393291860968687E-001
 -3.0624999999999997E-001 -1.5311285742349814E-001
 -2.9374999999999996E-001 -1.4175131624320902E-001
 -2.8124999999999994E-001 -1.2986711130843037E-001
 -2.6874999999999993E-001 -1.1747940685453788E-001
 -2.5624999999999998E-001 -1.0460768868449871E-001
 -2.4374999999999997E-001 -9.1271739466985288E-002
 -2.3124999999999996E-001 -7.7491615764630747E-002
 -2.1874999999999994E-001 -6.3287626730052809E-002
 -2.0624999999999993E-001 -4.8680314291522878E-002
 -1.9374999999999998E-001 -3.3690434478998964E-002
 -1.8124999999999997E-001 -1.8338939038514118E-002
 -1.6874999999999996E-001 -2.6469472468974328E-003
 -1.5624999999999994E-001  1.3364271244521119E-002
 -1.4374999999999993E-001  2.9673271030748450E-002
 -1.3124999999999998E-001  4.6258512229395185E-002
 -1.1874999999999997E-001  6.3098310766818808E-002
 -1.0624999999999996E-001  8.0170878032555973E-002
 -9.3749999999999944E-002  9.7454334726219824E-002
 -8.1249999999999933E-002  1.1492672241814002E-001
 -6.8749999999999978E-002  1.3256601337521939E-001
 -5.6249999999999967E-002  1.5035011905110710E-001
 -4.3749999999999956E-002  1.6825689780448758E-001
 -3.1249999999999944E-002  1.8626416241733054E-001
 -1.8749999999999933E-002  2.0434968783489610E-001
 -6.2499999999999778E-003  2.2249121931216395E-001
  6.2499999999999778E-003  2.4066648091886264E-001
  1.8750000000000044E-002  2.5885318420294967E-001
  3.1250000000000111E-002  2.7702903677488805E-001
  4.3750000000000067E-002  2.9517175064095152E-001
  5.6250000000000022E-002  3.1325905023853906E-001
  6.8749999999999978E-002  3.3126868025512513E-001
  8.1250000000000044E-002  3.4917841340189859E-001
  9.3750000000000111E-002  3.6696605834419027E-001
  1.0625000000000007E-001  3.8460946796934559E-001
  1.1875000000000002E-001  4.0208654812096567E-001
  1.3124999999999998E-001  4.1937526687230603E-001
  1.4375000000000004E-001  4.3645366437083999E-001
  1.5625000000000011E-001  4.5329986326890320E-001
  1.6875000000000007E-001  4.6989207975979957E-001
  1.8125000000000002E-001  4.8620863525598357E-001
  1.9375000000000009E-001  5.0222796876626741E-001
  2.0625000000000016E-001  5.1792865004497302E-001
  2.1875000000000011E-001  5.3328939359429750E-001
  2.3125000000000007E-001  5.4828907360235524E-001
  2.4375000000000002E-001  5.6290673989568663E-001
  2.5625000000000009E-001  5.7712163497962243E-001
  2.6875000000000016E-001  5.9091321223474869E-001
  2.8125000000000011E-001  6.0426115533403701E-001
  2.9375000000000007E-001  6.1714539894308063E-001
  3.0625000000000002E-001  6.2954615076452980E-001
  3.1875000000000009E-001  6.4144391498680275E-001
  3.3125000000000016E-001  6.5281951719549891E-001
  3.4375000000000011E-001  6.6365413080354052E-001
  3.5625000000000007E-001  6.7392930505241644E-001
  3.6875000000000002E-001  6.8362699463217635E-001
  3.8125000000000009E-001  6.9272959096197428E-001
  3.9375000000000016E-001  7.0121995516587454E-001
  4.0625000000000011E-001  7.0908145277049472E-001
  4.1875000000000007E-001  7.1629799014168571E-001
  4.3125000000000002E-001  7.2285405266671499E-001
  4.4375000000000009E-001  7.2873474467640753E-001
  4.5625000000000016E-001  7.3392583108808651E-001
  4.6875000000000011E-001  7.3841378073496322E-001
  4.8125000000000007E-001  7.4218581133085482E-001
  4.9375000000000002E-001  7.4522993600043397E-001
  5.0625000000000009E-001  7.4753501128488942E-001
  5.1875000000000016E-001  7.4909078651072580E-001
  5.3125000000000011E-001  7.4988795438546318E-001
  5.4375000000000007E-001  7.4991820265834519E-001
  5.5625000000000002E-001  7.4917426665681519E-001
  5.6875000000000009E-001  7.4764998248076064E-001
  5.8125000000000016E-001  7.4534034060630316E-001
  5.9375000000000011E-001  7.4224153961968742E-001
  6.0625000000000007E-001  7.3835103976988303E-001
  6.1875000000000002E-001  7.3366761599588648E-001
  6.3125000000000009E-001  7.2819141005244981E-001
  6.4375000000000016E-001  7.2192398132589775E-001
  6.5625000000000011E-001  7.1486835590090314E-001
  6.6875000000000007E-001  7.0702907340990151E-001
  6.8125000000000002E-001  6.9841223117020257E-001
  6.9375000000000009E-001  6.8902552509018555E-001
  7.0625000000000016E-001  6.7887828680653928E-001
  7.1875000000000011E-001  6.6798151649969850E-001
  7.3125000000000007E-001  6.5634791082558042E-001
  7.4375000000000002E-001  6.4399188539918450E-001
  7.5625000000000009E-001  6.3092959127033288E-001
  7.6875000000000016E-001  6.1717892484471693E-001
  7.8125000000000011E-001  6.0275953072491895E-001
  7.9375000000000007E-001  5.8769279697694954E-001
  8.0625000000000002E-001  5.7200184236835439E-001
  8.1875000000000009E-001  5.5571149517435792E-001
  8.3125000000000016E-001  5.3884826320887891E-001
  8.4375000000000011E-001  5.2144029480745191E-001
  8.5625000000000007E-001  5.0351733056859471E-001
  8.6875000000000002E-001  4.8511064574844120E-001
  8.8125000000000009E-001  4.6625298329948039E-001
  8.9375000000000016E-001  4.4697847764650561E-001
  9.0625000000000011E-001  4.2732256939959756E-001
  9.1875000000000007E-001  4.0732191131261791E-001
  9.3125000000000002E-001  3.8701426590349119E-001
  9.4375000000000009E-001  3.6643839525686078E-001
  9.5625000000000016E-001  3.4563394362879518E-001
  9.6875000000000011E-001  3.2464131356706838E-001
  9.8125000000000007E-001  3.0350153635177651E-001
  9.9375000000000002E-001  2.8225613765313629E-001
