 -9.9687499999999996E-001  4.5223865470694707E-001
 -9.9062500000000009E-001  4.3625152387458654E-001
 -9.8437500000000000E-001  4.1986161456422350E-001
 -9.7812499999999991E-001  4.0309261572285460E-001
 -9.7187500000000004E-001  3.8597184624810021E-001
 -9.6562499999999996E-001  3.6853023099610277E-001
 -9.5937500000000009E-001  3.5080219159420706E-001
 -9.5312500000000000E-001  3.3282544509476852E-001
 -9.4687499999999991E-001  3.1464070740660383E-001
 -9.4062500000000004E-001  2.9629130317709113E-001
 -9.3437499999999996E-001  2.7782268905296553E-001
 -9.2812500000000009E-001  2.5928190258467620E-001
 -9.2187500000000000E-001  2.4071695394810458E-001
 -9.1562499999999991E-001  2.2217618162297520E-001
 -9.0937500000000004E-001  2.0370759574657143E-001
 -9.0312499999999996E-001  1.8535823375445265E-001
 -8.9687500000000009E-001  1.6717355202408010E-001
 -8.9062500000000000E-001  1.4919687466071610E-001
 -8.8437499999999991E-001  1.3146891660973051E-001
 -8.7812500000000004E-001  1.1402739338595588E-001
 -8.7187499999999996E-001  9.6906724388467175E-002
 -8.6562500000000009E-001  8.0137831519463631E-002
 -8.5937500000000000E-001  6.3748030080732807E-002
 -8.5312499999999991E-001  4.7761004997854704E-002
 -8.4687500000000004E-001  3.2196862506740663E-002
 -8.4062499999999996E-001  1.7072245584538043E-002
 -8.3437500000000009E-001  2.4005005625930718E-003
 -8.2812500000000000E-001 -1.1808117613535530E-002
 -8.2187499999999991E-001 -2.5546213298438866E-002
 -8.1562500000000004E-001 -3.8809001860615186E-002
 -8.0937499999999996E-001 -5.1594054337435857E-002
 -8.0312500000000009E-001 -6.3901042573197508E-002
 -7.9687500000000000E-001 -7.5731490798982129E-002
 -7.9062499999999991E-001 -8.7088538140393926E-002
 -7.8437500000000004E-001 -9.7976715233533671E-002
 -7.7812499999999996E-001 -1.0840173701659450E-001
 -7.7187500000000009E-001 -1.1837031284758402E-001
 -7.6562500000000000E-001 -1.2788997436693039E-001
 -7.5937499999999991E-001 -1.3696892095835866E-001
 -7.5312500000000004E-001 -1.4561588224053251E-001
 -7.4687499999999996E-001 -1.5383999672319709E-001
 -7.4062499999999998E-001 -1.6165070556400185E-001
 -7.3437500000000000E-001 -1.6905766024609298E-001
 -7.2812499999999991E-001 -1.7607064294501171E-001
 -7.2187500000000004E-001 -1.8269949835068061E-001
 -7.1562499999999996E-001 -1.8895407574362666E-001
 -7.0937499999999998E-001 -1.9484418018284616E-001
 -7.0312500000000000E-001 -2.0037953173702663E-001
 -6.9687499999999991E-001 -2.0556973177436180E-001
 -6.9062500000000004E-001 -2.1042423541332025E-001
 -6.8437499999999996E-001 -2.1495232932399969E-001
 -6.7812499999999998E-001 -2.1916311415409165E-001
 -6.7187500000000000E-001 -2.2306549093344910E-001
 -6.6562499999999991E-001 -2.2666815088569295E-001
 -6.5937500000000004E-001 -2.2997956814367662E-001
 -6.5312499999999996E-001 -2.3300799492770521E-001
 -6.4687499999999998E-001 -2.3576145880148899E-001
 -6.4062500000000000E-001 -2.3824776167083322E-001
 -6.3437499999999991E-001 -2.4047448023469140E-001
 -6.2812500000000004E-001 -2.4244896763759161E-001
 -6.2187499999999996E-001 -2.4417835610723174E-001
 -6.1562499999999998E-001 -2.4566956039153115E-001
 -6.0937500000000000E-001 -2.4692928183606996E-001
 -6.0312499999999991E-001 -2.4796401296616680E-001
 -5.9687500000000004E-001 -2.4878004245803009E-001
 -5.9062499999999996E-001 -2.4938346040098613E-001
 -5.8437499999999998E-001 -2.4978016376801085E-001
 -5.7812500000000000E-001 -2.4997586202487199E-001
 -5.7187499999999991E-001 -2.4997608281948436E-001
 -5.6562500000000004E-001 -2.4978617770290110E-001
 -5.5937499999999996E-001 -2.4941132784157863E-001
 -5.5312499999999998E-001 -2.4885654968782381E-001
 -5.4687500000000000E-001 -2.4812670058136665E-001
 -5.4062499999999991E-001 -2.4722648426027055E-001
 -5.3437500000000004E-001 -2.4616045626381131E-001
 -5.2812499999999996E-001 -2.4493302921369375E-001
 -5.2187499999999998E-001 -2.4354847796325377E-001
 -5.1562500000000000E-001 -2.4201094460689901E-001
 -5.0937499999999991E-001 -2.4032444334434483E-001
 -5.0312500000000004E-001 -2.3849286519612578E-001
 -4.9687500000000001E-001 -2.3651998256841594E-001
 -4.9062499999999998E-001 -2.3440945366651059E-001
 -4.8437499999999994E-001 -2.3216482675742228E-001
 -4.7812499999999997E-001 -2.2978954428294734E-001
 -4.7187499999999999E-001 -2.2728694682524286E-001
 -4.6562500000000001E-001 -2.2466027692755655E-001
 -4.5937499999999998E-001 -2.2191268277321796E-001
 -4.5312499999999994E-001 -2.1904722172635047E-001
 -4.4687499999999997E-001 -2.1606686373801079E-001
 -4.4062499999999999E-001 -2.1297449462171003E-001
 -4.3437500000000001E-001 -2.0977291920234770E-001
 -4.2812499999999998E-001 -2.0646486434273029E-001
 -4.2187499999999994E-001 -2.0305298185183487E-001
 -4.1562499999999997E-001 -1.9953985127904106E-001
 -4.0937499999999999E-001 -1.9592798259847924E-001
 -4.0312499999999996E-001 -1.9221981878765015E-001
 -3.9687499999999992E-001 -1.8841773830434255E-001
 -3.9062499999999994E-001 -1.8452405746588035E-001
 -3.8437499999999997E-001 -1.8054103273455255E-001
 -3.7812499999999999E-001 -1.7647086291302930E-001
 -3.7187499999999996E-001 -1.7231569125346391E-001
 -3.6562499999999992E-001 -1.6807760748383874E-001
 -3.5937499999999994E-001 -1.6375864975500659E-001
 -3.5312499999999997E-001 -1.5936080651177922E-001
 -3.4687499999999999E-001 -1.5488601829129209E-001
 -3.4062499999999996E-001 -1.5033617945171532E-001
 -3.3437499999999992E-001 -1.4571313983434830E-001
 -3.2812499999999994E-001 -1.4101870636192365E-001
 -3.2187499999999997E-001 -1.3625464457591432E-001
 -3.1562499999999999E-001 -1.3142268011547961E-001
 -3.0937499999999996E-001 -1.2652450014061029E-001
 -3.0312499999999992E-001 -1.2156175470189189E-001
 -2.9687499999999994E-001 -1.1653605805925815E-001
 -2.9062499999999997E-001 -1.1144898995200360E-001
 -2.8437499999999999E-001 -1.0630209682223137E-001
 -2.7812499999999996E-001 -1.0109689299368861E-001
 -2.7187499999999992E-001 -9.5834861807990321E-002
 -2.6562499999999994E-001 -9.0517456720920639E-002
 -2.5937499999999997E-001 -8.5146102360956752E-002
 -2.5312499999999999E-001 -7.9722195548794256E-002
 -2.4687499999999996E-001 -7.4247106277965810E-002
 -2.4062499999999992E-001 -6.8722178672401726E-002
 -2.3437499999999994E-001 -6.3148731938515529E-002
 -2.2812499999999997E-001 -5.7528061261924335E-002
 -2.2187499999999999E-001 -5.1861438552024568E-002
 -2.1562499999999996E-001 -4.6150113195902641E-002
 -2.0937499999999992E-001 -4.0395313411565457E-002
 -2.0312499999999994E-001 -3.4598248206933108E-002
 -1.9687499999999997E-001 -2.8760107678283943E-002
 -1.9062499999999999E-001 -2.2882058443958887E-002
 -1.8437499999999996E-001 -1.6965236378562794E-002
 -1.7812499999999992E-001 -1.1010747650610790E-002
 -1.7187499999999994E-001 -5.0196870609419851E-003
 -1.6562499999999997E-001  1.0068373753472520E-003
 -1.5937499999999999E-001  7.0677015820886594E-003
 -1.5312499999999996E-001  1.3161795864664773E-002
 -1.4687499999999992E-001  1.9288060643997601E-002
 -1.4062499999999994E-001  2.5445488311723143E-002
 -1.3437499999999997E-001  3.1633090657266098E-002
 -1.2812499999999999E-001  3.7849870541237035E-002
 -1.2187499999999996E-001  4.4094824192497717E-002
 -1.1562499999999992E-001  5.0366959267326226E-002
 -1.0937499999999994E-001  5.6665302419720773E-002
 -1.0312499999999997E-001  6.2988893971502716E-002
 -9.6874999999999989E-002  6.9336783184460724E-002
 -9.0624999999999956E-002  7.5708028929523677E-002
 -8.4374999999999922E-002  8.2101700682600809E-002
 -7.8124999999999944E-002  8.8516877545696773E-002
 -7.1874999999999967E-002  9.4952647334034121E-002
 -6.5624999999999989E-002  1.0140810642389991E-001
 -5.9374999999999956E-002  1.0788235944448600E-001
 -5.3124999999999922E-002  1.1437451873596635E-001
 -4.6874999999999944E-002  1.2088370395450586E-001
 -4.0624999999999967E-002  1.2740904173369857E-001
 -3.4374999999999989E-002  1.3394966528031799E-001
 -2.8124999999999956E-002  1.4050471398827916E-001
 -2.1874999999999922E-002  1.4707333308355264E-001
 -1.5624999999999944E-002  1.5365467325842894E-001
 -9.3749999999999667E-003  1.6024789030965583E-001
 -3.1249999999999889E-003  1.6685214478951882E-001
  3.1250000000000444E-003  1.7346660165785413E-001
  9.3750000000000222E-003  1.8009042993729585E-001
  1.5625000000000000E-002  1.8672280237483743E-001
  2.1875000000000089E-002  1.9336289510602339E-001
  2.8125000000000067E-002  2.0000988732207545E-001
  3.4375000000000044E-002  2.0666296094067124E-001
  4.0625000000000022E-002  2.1332130027904000E-001
  4.6875000000000000E-002  2.1998409172930217E-001
  5.3125000000000089E-002  2.2665052343598735E-001
  5.9375000000000067E-002  2.3331978497514519E-001
  6.5625000000000044E-002  2.3999106703481329E-001
  7.1875000000000022E-002  2.4666356109660625E-001
  7.8125000000000000E-002  2.5333645911803215E-001
  8.4375000000000089E-002  2.6000895321526585E-001
  9.0625000000000067E-002  2.6668023534610258E-001
  9.6875000000000044E-002  2.7334949699273581E-001
  1.0312500000000002E-001  2.8001592884408166E-001
  1.0937500000000000E-001  2.8667872047737608E-001
  1.1562500000000009E-001  2.9333706003869037E-001
  1.2187500000000007E-001  2.9999013392208351E-001
  1.2812500000000004E-001  3.0663712644707997E-001
  1.3437500000000002E-001  3.1327721953416665E-001
  1.4062500000000000E-001  3.1990959237797850E-001
  1.4687500000000009E-001  3.2653342111786754E-001
  1.5312500000000007E-001  3.3314787850554017E-001
  1.5937500000000004E-001  3.3975213356939321E-001
  1.6562500000000002E-001  3.4634535127528715E-001
  1.7187500000000000E-001  3.5292669218333961E-001
  1.7812500000000009E-001  3.5949531210043933E-001
  1.8437500000000007E-001  3.6605036172813327E-001
  1.9062500000000004E-001  3.7259098630547366E-001
  1.9687500000000013E-001  3.7911632524653044E-001
  2.0312500000000011E-001  3.8562551177211513E-001
  2.0937500000000009E-001  3.9211767253538066E-001
  2.1562500000000007E-001  3.9859192724088049E-001
  2.2187500000000004E-001  4.0504738825665021E-001
  2.2812500000000013E-001  4.1148316021895559E-001
  2.3437500000000011E-001  4.1789833962918116E-001
  2.4062500000000009E-001  4.2429201444248188E-001
  2.4687500000000007E-001  4.3066326364771773E-001
  2.5312500000000004E-001  4.3701115683815517E-001
  2.5937500000000013E-001  4.4333475377248288E-001
  2.6562500000000011E-001  4.4963310392562789E-001
  2.7187500000000009E-001  4.5590524602878318E-001
  2.7812500000000007E-001  4.6215020759817371E-001
  2.8437500000000004E-001  4.6836700445194468E-001
  2.9062500000000013E-001  4.7455464021457494E-001
  2.9687500000000011E-001  4.8071210580822266E-001
  3.0312500000000009E-001  4.8683837893034060E-001
  3.0937500000000007E-001  4.9293242351692484E-001
  3.1562500000000004E-001  4.9899318919064695E-001
  3.2187500000000013E-001  5.0501961069325518E-001
  3.2812500000000011E-001  5.1101060730132775E-001
  3.3437500000000009E-001  5.1696508222480253E-001
  3.4062500000000007E-001  5.2288192198726036E-001
  3.4687500000000004E-001  5.2875999578729294E-001
  3.5312500000000013E-001  5.3459815483993045E-001
  3.5937500000000011E-001  5.4039523169729065E-001
  3.6562500000000009E-001  5.4615003954743035E-001
  3.7187500000000007E-001  5.5186137149045589E-001
  3.7812500000000004E-001  5.5752799979076573E-001
  3.8437500000000013E-001  5.6314867510436484E-001
  3.9062500000000011E-001  5.6872212568010050E-001
  3.9687500000000009E-001  5.7424705653364738E-001
  4.0312500000000007E-001  5.7972214859291016E-001
  4.0937500000000004E-001  5.8514605781362128E-001
  4.1562500000000013E-001  5.9051741426368121E-001
  4.2187500000000011E-001  5.9583482117491171E-001
  4.2812500000000009E-001  6.0109685396058821E-001
  4.3437500000000007E-001  6.0630205919733293E-001
  4.4062500000000004E-001  6.1144895356960316E-001
  4.4687500000000013E-001  6.1653602277514030E-001
  4.5312500000000011E-001  6.2156172038956947E-001
  4.5937500000000009E-001  6.2652446668825756E-001
  4.6562500000000007E-001  6.3142264742350240E-001
  4.7187500000000004E-001  6.3625461255500171E-001
  4.7812500000000013E-001  6.4101867493145004E-001
  4.8437500000000011E-001  6.4571310892104439E-001
  4.9062500000000009E-001  6.5033614898856129E-001
  4.9687500000000007E-001  6.5488598821658428E-001
  5.0312500000000004E-001  6.5936077676836669E-001
  5.0937500000000013E-001  6.6375862028961152E-001
  5.1562500000000011E-001  6.6807757824648939E-001
  5.2187500000000009E-001  6.7231566219699290E-001
  5.2812500000000007E-001  6.7647083399263974E-001
  5.3437500000000004E-001  6.8054100390745786E-001
  5.4062500000000013E-001  6.8452402869093953E-001
  5.4687500000000011E-001  6.8841770954178250E-001
  5.5312500000000009E-001  6.9221978999878897E-001
  5.5937500000000007E-001  6.9592795374546634E-001
  5.6562500000000004E-001  6.9953982232464551E-001
  5.7187500000000013E-001  7.0305295275924284E-001
  5.7812500000000011E-001  7.0646483507532820E-001
  5.8437500000000009E-001  7.0977288972354857E-001
  5.9062500000000007E-001  7.1297446489478244E-001
  5.9687500000000004E-001  7.1606683372589441E-001
  6.0312500000000013E-001  7.1904719139149487E-001
  6.0937500000000011E-001  7.2191265207742605E-001
  6.1562500000000009E-001  7.2466024583180932E-001
  6.2187500000000007E-001  7.2728691528955236E-001
  6.2812500000000004E-001  7.2978951226618827E-001
  6.3437500000000013E-001  7.3216479421717329E-001
  6.4062500000000011E-001  7.3440942055889002E-001
  6.4687500000000009E-001  7.3651994884789618E-001
  6.5312500000000007E-001  7.3849283081536932E-001
  6.5937500000000004E-001  7.4032440825403634E-001
  6.6562500000000013E-001  7.4201090875556208E-001
  6.7187500000000011E-001  7.4354844129705944E-001
  6.7812500000000009E-001  7.4493299167627047E-001
  6.8437500000000007E-001  7.4616041779605813E-001
  6.9062500000000004E-001  7.4722644480016109E-001
  6.9687500000000013E-001  7.4812666006375306E-001
  7.0312500000000011E-001  7.4885650804426029E-001
  7.0937500000000009E-001  7.4941128500013099E-001
  7.1562500000000007E-001  7.4978613358797053E-001
  7.2187500000000004E-001  7.4997603735168006E-001
  7.2812500000000013E-001  7.4997581512088196E-001
  7.3437500000000011E-001  7.4978011534052880E-001
  7.4062500000000009E-001  7.4938341035871381E-001
  7.4687500000000007E-001  7.4877999070574208E-001
  7.5312500000000004E-001  7.4796395940491156E-001
  7.5937500000000013E-001  7.4692922636351178E-001
  7.6562500000000011E-001  7.4566950290254275E-001
  7.7187500000000009E-001  7.4417829649470946E-001
  7.7812500000000007E-001  7.4244890579368694E-001
  7.8437500000000004E-001  7.4047441605254349E-001
  7.9062500000000013E-001  7.3824769504695642E-001
  7.9687500000000011E-001  7.3576138963902293E-001
  8.0312500000000009E-001  7.3300792314082341E-001
  8.0937500000000007E-001  7.2997949366348447E-001
  8.1562500000000004E-001  7.2666807366803843E-001
  8.2187500000000013E-001  7.2306541096921439E-001
  8.2812500000000011E-001  7.1916303148258631E-001
  8.3437500000000009E-001  7.1495224405012892E-001
  8.4062500000000007E-001  7.1042414772937978E-001
  8.4687500000000004E-001  7.0556964198698824E-001
  8.5312500000000013E-001  7.0037944029980226E-001
  8.5937500000000011E-001  6.9484408773447115E-001
  8.6562500000000009E-001  6.8895398315043244E-001
  8.7187500000000007E-001  6.8269940675103591E-001
  8.7812500000000004E-001  6.7607055379088121E-001
  8.8437500000000013E-001  6.6905757533416188E-001
  8.9062500000000011E-001  6.6165062704566757E-001
  8.9687500000000009E-001  6.5383992707914995E-001
  9.0312500000000007E-001  6.4561582420299002E-001
  9.0937500000000004E-001  6.3696887736316410E-001
  9.1562500000000013E-001  6.2788994791985819E-001
  9.2187500000000011E-001  6.1837030579624419E-001
  9.2812500000000009E-001  6.0840175073178904E-001
  9.3437500000000007E-001  5.9797674972218640E-001
  9.4062500000000004E-001  5.8708859153410331E-001
  9.4687500000000013E-001  5.7573155888460437E-001
  9.5312500000000011E-001  5.6390111844859692E-001
  9.5937500000000009E-001  5.5159412828046817E-001
  9.6562500000000007E-001  5.3880906148670471E-001
  9.7187500000000004E-001  5.2554624404962658E-001
  9.7812500000000013E-001  5.1180810357180906E-001
  9.8437500000000011E-001  4.9759942439638488E-001
  9.9062500000000009E-001  4.8292760308981131E-001
  9.9687500000000007E-001  4.6780289670927089E-001
