 -9.9687499999999996E-001  2.6627810300276650E-001
 -9.9062500000000009E-001  2.5561482845610939E-001
 -9.8437500000000000E-001  2.4494877806465334E-001
 -9.7812499999999991E-001  2.3428522490824447E-001
 -9.7187500000000004E-001  2.2362943994716095E-001
 -9.6562499999999996E-001  2.1298668755415479E-001
 -9.5937500000000009E-001  2.0236222106022619E-001
 -9.5312500000000000E-001  1.9176127832244569E-001
 -9.4687499999999991E-001  1.8118907732141115E-001
 -9.4062500000000004E-001  1.7065081179516384E-001
 -9.3437499999999996E-001  1.6015164691594122E-001
 -9.2812500000000009E-001  1.4969671501655699E-001
 -9.2187500000000000E-001  1.3929111137469918E-001
 -9.1562499999999991E-001  1.2893989006611539E-001
 -9.0937500000000004E-001  1.1864805990061325E-001
 -9.0312499999999996E-001  1.0842058045661521E-001
 -8.9687500000000009E-001  9.8262358228694266E-002
 -8.9062500000000000E-001  8.8178242896374479E-002
 -8.8437499999999991E-001  7.8173023711269385E-002
 -8.7812500000000004E-001  6.8251425985696848E-002
 -8.7187499999999996E-001  5.8418107654272966E-002
 -8.6562500000000009E-001  4.8677655877882704E-002
 -8.5937500000000000E-001  3.9034583673366083E-002
 -8.5312499999999991E-001  2.9493326584770423E-002
 -8.4687500000000004E-001  2.0058239457936059E-002
 -8.4062499999999996E-001  1.0733593425308986E-002
 -8.3437500000000009E-001  1.5235711689855073E-003
 -8.2812500000000000E-001 -7.5677277052990065E-003
 -8.2187499999999991E-001 -1.6536286910844827E-002
 -8.1562500000000004E-001 -2.5378196976013769E-002
 -8.0937499999999996E-001 -3.4089638714866498E-002
 -8.0312500000000009E-001 -4.2666889061086961E-002
 -7.9687500000000000E-001 -5.1106323133854124E-002
 -7.9062499999999991E-001 -5.9404416142307168E-002
 -7.8437500000000004E-001 -6.7557745079355719E-002
 -7.7812499999999996E-001 -7.5562990195904525E-002
 -7.7187500000000009E-001 -8.3416936269100725E-002
 -7.6562500000000000E-001 -9.1116473686594535E-002
 -7.5937499999999991E-001 -9.8658599368355540E-002
 -7.5312500000000004E-001 -1.0604041754299746E-001
 -7.4687499999999996E-001 -1.1325914039006270E-001
 -7.4062499999999998E-001 -1.2031208855512336E-001
 -7.3437500000000000E-001 -1.2719669154143604E-001
 -7.2812499999999991E-001 -1.3391048798027672E-001
 -7.2187500000000004E-001 -1.4045112578157273E-001
 -7.1562499999999996E-001 -1.4681636216661834E-001
 -7.0937499999999998E-001 -1.5300406358520119E-001
 -7.0312500000000000E-001 -1.5901220552004366E-001
 -6.9687499999999991E-001 -1.6483887218202795E-001
 -6.9062500000000004E-001 -1.7048225610008838E-001
 -6.8437499999999996E-001 -1.7594065760994471E-001
 -6.7812499999999998E-001 -1.8121248424605460E-001
 -6.7187500000000000E-001 -1.8629625004123149E-001
 -6.6562499999999991E-001 -1.9119057473846582E-001
 -6.5937500000000004E-001 -1.9589418291943475E-001
 -6.5312499999999996E-001 -2.0040590305421424E-001
 -6.4687499999999998E-001 -2.0472466647666338E-001
 -6.4062500000000000E-001 -2.0884950628990592E-001
 -6.3437499999999991E-001 -2.1277955620629277E-001
 -6.2812500000000004E-001 -2.1651404932618681E-001
 -6.2187499999999996E-001 -2.2005231685983559E-001
 -6.1562499999999998E-001 -2.2339378679654728E-001
 -6.0937500000000000E-001 -2.2653798252530807E-001
 -6.0312499999999991E-001 -2.2948452141088652E-001
 -5.9687500000000004E-001 -2.3223311332941304E-001
 -5.9062499999999996E-001 -2.3478355916728408E-001
 -5.8437499999999998E-001 -2.3713574928718748E-001
 -5.7812500000000000E-001 -2.3928966196489818E-001
 -5.7187499999999991E-001 -2.4124536180041131E-001
 -5.6562500000000004E-001 -2.4300299810684203E-001
 -5.5937499999999996E-001 -2.4456280328042423E-001
 -5.5312499999999998E-001 -2.4592509115479044E-001
 -5.4687500000000000E-001 -2.4709025534262585E-001
 -5.4062499999999991E-001 -2.4805876756762896E-001
 -5.3437500000000004E-001 -2.4883117598960372E-001
 -5.2812499999999996E-001 -2.4940810352538281E-001
 -5.2187499999999998E-001 -2.4979024616814313E-001
 -5.1562500000000000E-001 -2.4997837130754824E-001
 -5.0937499999999991E-001 -2.4997331605304776E-001
 -5.0312500000000004E-001 -2.4977598556249786E-001
 -4.9687500000000001E-001 -2.4938735137819018E-001
 -4.9062499999999998E-001 -2.4880844977221858E-001
 -4.8437499999999994E-001 -2.4804038010301224E-001
 -4.7812499999999997E-001 -2.4708430318474600E-001
 -4.7187499999999999E-001 -2.4594143967121357E-001
 -4.6562500000000001E-001 -2.4461306845565714E-001
 -4.5937499999999998E-001 -2.4310052508790905E-001
 -4.5312499999999994E-001 -2.4140520021013123E-001
 -4.4687499999999997E-001 -2.3952853801231064E-001
 -4.4062499999999999E-001 -2.3747203470857439E-001
 -4.3437500000000001E-001 -2.3523723703530863E-001
 -4.2812499999999998E-001 -2.3282574077194496E-001
 -4.2187499999999994E-001 -2.3023918928522000E-001
 -4.1562499999999997E-001 -2.2747927209761221E-001
 -4.0937499999999999E-001 -2.2454772348056698E-001
 -4.0312499999999996E-001 -2.2144632107307569E-001
 -3.9687499999999992E-001 -2.1817688452605655E-001
 -3.9062499999999994E-001 -2.1474127417294567E-001
 -3.8437499999999997E-001 -2.1114138972680932E-001
 -3.7812499999999999E-001 -2.0737916900424000E-001
 -3.7187499999999996E-001 -2.0345658667621630E-001
 -3.6562499999999992E-001 -1.9937565304606189E-001
 -3.5937499999999994E-001 -1.9513841285456157E-001
 -3.5312499999999997E-001 -1.9074694411227891E-001
 -3.4687499999999999E-001 -1.8620335695904217E-001
 -3.4062499999999996E-001 -1.8150979255057650E-001
 -3.3437499999999992E-001 -1.7666842197223551E-001
 -3.2812499999999994E-001 -1.7168144517979475E-001
 -3.2187499999999997E-001 -1.6655108996728063E-001
 -3.1562499999999999E-001 -1.6127961096184454E-001
 -3.0937499999999996E-001 -1.5586928864566746E-001
 -3.0312499999999992E-001 -1.5032242840486990E-001
 -2.9687499999999994E-001 -1.4464135960530372E-001
 -2.9062499999999997E-001 -1.3882843469489145E-001
 -2.8437499999999999E-001 -1.3288602833192767E-001
 -2.7812499999999996E-001 -1.2681653653831151E-001
 -2.7187499999999992E-001 -1.2062237587626919E-001
 -2.6562499999999994E-001 -1.1430598264665014E-001
 -2.5937499999999997E-001 -1.0786981210668121E-001
 -2.5312499999999999E-001 -1.0131633770512108E-001
 -2.4687499999999996E-001 -9.4648050333484071E-002
 -2.4062499999999992E-001 -8.7867457593356776E-002
 -2.3437499999999994E-001 -8.0977083081967632E-002
 -2.2812499999999997E-001 -7.3979465700740765E-002
 -2.2187499999999999E-001 -6.6877158994096242E-002
 -2.1562499999999996E-001 -5.9672730527275855E-002
 -2.0937499999999992E-001 -5.2368761311400537E-002
 -2.0312499999999994E-001 -4.4967845280128885E-002
 -1.9687499999999997E-001 -3.7472588814550796E-002
 -1.9062499999999999E-001 -2.9885610301618282E-002
 -1.8437499999999996E-001 -2.2209539698163888E-002
 -1.7812499999999992E-001 -1.4447018058307518E-002
 -1.7187499999999994E-001 -6.6006969172096022E-003
 -1.6562499999999997E-001  1.3267655449027524E-003
 -1.5937499999999999E-001  9.3326974098096750E-003
 -1.5312499999999996E-001  1.7414421612957691E-002
 -1.4687499999999992E-001  2.5569251562200031E-002
 -1.4062499999999994E-001  3.3794491418320576E-002
 -1.3437499999999997E-001  4.2087438013623663E-002
 -1.2812499999999999E-001  5.0445381415104643E-002
 -1.2187499999999996E-001  5.8865605311187709E-002
 -1.1562499999999992E-001  6.7345387292159831E-002
 -1.0937499999999994E-001  7.5881999067468217E-002
 -1.0312499999999997E-001  8.4472706665375527E-002
 -9.6874999999999989E-002  9.3114770653495313E-002
 -9.0624999999999956E-002  1.0180544640373305E-001
 -8.4374999999999922E-002  1.1054198440721075E-001
 -7.8124999999999944E-002  1.1932163062895942E-001
 -7.1874999999999967E-002  1.2814162688216876E-001
 -6.5624999999999989E-002  1.3699921119914013E-001
 -5.9374999999999956E-002  1.4589161818001498E-001
 -5.3124999999999922E-002  1.5481607930850982E-001
 -4.6874999999999944E-002  1.6376982323325570E-001
 -4.0624999999999967E-002  1.7275007602112558E-001
 -3.4374999999999989E-002  1.8175406139340866E-001
 -2.8124999999999956E-002  1.9077900095638328E-001
 -2.1874999999999922E-002  1.9982211443537379E-001
 -1.5624999999999944E-002  2.0888061991720988E-001
 -9.3749999999999667E-003  2.1795173410164187E-001
 -3.1249999999999889E-003  2.2703267255897339E-001
  3.1250000000000444E-003  2.3612064998960652E-001
  9.3750000000000222E-003  2.4521288048131668E-001
  1.5625000000000000E-002  2.5430657776149668E-001
  2.1875000000000089E-002  2.6339895544351466E-001
  2.8125000000000067E-002  2.7248722726810026E-001
  3.4375000000000044E-002  2.8156860734187561E-001
  4.0625000000000022E-002  2.9064031037550081E-001
  4.6875000000000000E-002  2.9969955192368886E-001
  5.3125000000000089E-002  3.0874354862861397E-001
  5.9375000000000067E-002  3.1776951846749291E-001
  6.5625000000000044E-002  3.2677468100448337E-001
  7.1875000000000022E-002  3.3575625764670985E-001
  7.8125000000000000E-002  3.4471147190414819E-001
  8.4375000000000089E-002  3.5363754965330280E-001
  9.0625000000000067E-002  3.6253171940490081E-001
  9.6875000000000044E-002  3.7139121257604163E-001
  1.0312500000000002E-001  3.8021326376750264E-001
  1.0937500000000000E-001  3.8899511104697648E-001
  1.1562500000000009E-001  3.9773399623894223E-001
  1.2187500000000007E-001  4.0642716522190186E-001
  1.2812500000000004E-001  4.1507186823349335E-001
  1.3437500000000002E-001  4.2366536018405077E-001
  1.4062500000000000E-001  4.3220490097899522E-001
  1.4687500000000009E-001  4.4068775585052167E-001
  1.5312500000000007E-001  4.4911119569900965E-001
  1.5937500000000004E-001  4.5747249744463758E-001
  1.6562500000000002E-001  4.6576894438970456E-001
  1.7187500000000000E-001  4.7399782659218243E-001
  1.7812500000000009E-001  4.8215644125105767E-001
  1.8437500000000007E-001  4.9024209310399319E-001
  1.9062500000000004E-001  4.9825209483788280E-001
  1.9687500000000013E-001  5.0618376751280914E-001
  2.0312500000000011E-001  5.1403444099998041E-001
  2.0937500000000009E-001  5.2180145443414105E-001
  2.1562500000000007E-001  5.2948215668097320E-001
  2.2187500000000004E-001  5.3707390682007472E-001
  2.2812500000000013E-001  5.4457407464397145E-001
  2.3437500000000011E-001  5.5198004117371946E-001
  2.4062500000000009E-001  5.5928919919164588E-001
  2.4687500000000007E-001  5.6649895379171566E-001
  2.5312500000000004E-001  5.7360672294807347E-001
  2.5937500000000013E-001  5.8060993810229322E-001
  2.6562500000000011E-001  5.8750604476982904E-001
  2.7187500000000009E-001  5.9429250316620885E-001
  2.7812500000000007E-001  6.0096678885344834E-001
  2.8437500000000004E-001  6.0752639340722459E-001
  2.9062500000000013E-001  6.1396882510527695E-001
  2.9687500000000011E-001  6.2029160963752150E-001
  3.0312500000000009E-001  6.2649229083837144E-001
  3.0937500000000007E-001  6.3256843144171371E-001
  3.1562500000000004E-001  6.3851761385900241E-001
  3.2187500000000013E-001  6.4433744098090306E-001
  3.2812500000000011E-001  6.5002553700292565E-001
  3.3437500000000009E-001  6.5557954827542297E-001
  3.4062500000000007E-001  6.6099714417839850E-001
  3.4687500000000004E-001  6.6627601802142511E-001
  3.5312500000000013E-001  6.7141388796908963E-001
  3.5937500000000011E-001  6.7640849799223257E-001
  3.6562500000000009E-001  6.8125761884533031E-001
  3.7187500000000007E-001  6.8595904907023819E-001
  3.7812500000000004E-001  6.9051061602658836E-001
  3.8437500000000013E-001  6.9491017694901169E-001
  3.9062500000000011E-001  6.9915562003137433E-001
  3.9687500000000009E-001  7.0324486553815635E-001
  4.0312500000000007E-001  7.0717586694307732E-001
  4.0937500000000004E-001  7.1094661209502963E-001
  4.1562500000000013E-001  7.1455512441128499E-001
  4.2187500000000011E-001  7.1799946409801374E-001
  4.2812500000000009E-001  7.2127772939790369E-001
  4.3437500000000007E-001  7.2438805786488003E-001
  4.4062500000000004E-001  7.2732862766560558E-001
  4.4687500000000013E-001  7.3009765890752887E-001
  4.5312500000000011E-001  7.3269341499318563E-001
  4.5937500000000009E-001  7.3511420400031879E-001
  4.6562500000000007E-001  7.3735838008735088E-001
  4.7187500000000004E-001  7.3942434492369724E-001
  4.7812500000000013E-001  7.4131054914426475E-001
  4.8437500000000011E-001  7.4301549382746046E-001
  4.9062500000000009E-001  7.4453773199590878E-001
  4.9687500000000007E-001  7.4587587013901491E-001
  5.0312500000000004E-001  7.4702856975639131E-001
  5.0937500000000013E-001  7.4799454892111827E-001
  5.1562500000000011E-001  7.4877258386163603E-001
  5.2187500000000009E-001  7.4936151056104094E-001
  5.2812500000000007E-001  7.4976022637239259E-001
  5.3437500000000004E-001  7.4996769164859400E-001
  5.4062500000000013E-001  7.4998293138520533E-001
  5.4687500000000011E-001  7.4980503687452105E-001
  5.5312500000000009E-001  7.4943316736912213E-001
  5.5937500000000007E-001  7.4886655175288519E-001
  5.6562500000000004E-001  7.4810449021746483E-001
  5.7187500000000013E-001  7.4714635594205681E-001
  5.7812500000000011E-001  7.4599159677406546E-001
  5.8437500000000009E-001  7.4463973690835750E-001
  5.9062500000000007E-001  7.4309037856244642E-001
  5.9687500000000004E-001  7.4134320364496809E-001
  6.0312500000000013E-001  7.3939797541461705E-001
  6.0937500000000011E-001  7.3725454012660496E-001
  6.1562500000000009E-001  7.3491282866358731E-001
  6.2187500000000007E-001  7.3237285814785702E-001
  6.2812500000000004E-001  7.2963473353145747E-001
  6.3437500000000013E-001  7.2669864916086047E-001
  6.4062500000000011E-001  7.2356489031257287E-001
  6.4687500000000009E-001  7.2023383469607505E-001
  6.5312500000000007E-001  7.1670595392027903E-001
  6.5937500000000004E-001  7.1298181491965751E-001
  6.6562500000000013E-001  7.0906208133604243E-001
  6.7187500000000011E-001  7.0494751485210505E-001
  6.7812500000000009E-001  7.0063897647228290E-001
  6.8437500000000007E-001  6.9613742774703524E-001
  6.9062500000000004E-001  6.9144393193606279E-001
  6.9687500000000013E-001  6.8655965510624528E-001
  7.0312500000000011E-001  6.8148586715986692E-001
  7.0937500000000009E-001  6.7622394278874731E-001
  7.1562500000000007E-001  6.7077536234989388E-001
  7.2187500000000004E-001  6.6514171265817223E-001
  7.2812500000000013E-001  6.5932468769167230E-001
  7.3437500000000011E-001  6.5332608920532886E-001
  7.4062500000000009E-001  6.4714782724845321E-001
  7.4687500000000007E-001  6.4079192058192169E-001
  7.5312500000000004E-001  6.3426049699078069E-001
  7.5937500000000013E-001  6.2755579348814061E-001
  7.6562500000000011E-001  6.2068015640638952E-001
  7.7187500000000009E-001  6.1363604137180583E-001
  7.7812500000000007E-001  6.0642601315885558E-001
  7.8437500000000004E-001  5.9905274542061648E-001
  7.9062500000000013E-001  5.9151902029196302E-001
  7.9687500000000011E-001  5.8382772786229342E-001
  8.0312500000000009E-001  5.7598186551493036E-001
  8.0937500000000007E-001  5.6798453713045138E-001
  8.1562500000000004E-001  5.5983895215152091E-001
  8.2187500000000013E-001  5.5154842450709340E-001
  8.2812500000000011E-001  5.4311637139414815E-001
  8.3437500000000009E-001  5.3454631191538349E-001
  8.4062500000000007E-001  5.2584186557175250E-001
  8.4687500000000004E-001  5.1700675060894052E-001
  8.5312500000000013E-001  5.0804478221735161E-001
  8.5937500000000011E-001  4.9895987058548902E-001
  8.6562500000000009E-001  4.8975601880705316E-001
  8.7187500000000007E-001  4.8043732064244316E-001
  8.7812500000000004E-001  4.7100795813579882E-001
  8.8437500000000013E-001  4.6147219908909476E-001
  8.9062500000000011E-001  4.5183439439529371E-001
  8.9687500000000009E-001  4.4209897523289049E-001
  9.0312500000000007E-001  4.3227045012473531E-001
  9.0937500000000004E-001  4.2235340186434034E-001
  9.1562500000000013E-001  4.1235248431338106E-001
  9.2187500000000011E-001  4.0227241907449857E-001
  9.2812500000000009E-001  3.9211799204390041E-001
  9.3437500000000007E-001  3.8189404984873238E-001
  9.4062500000000004E-001  3.7160549617451161E-001
  9.4687500000000013E-001  3.6125728798837359E-001
  9.5312500000000011E-001  3.5085443166421271E-001
  9.5937500000000009E-001  3.4040197901613028E-001
  9.6562500000000007E-001  3.2990502324702203E-001
  9.7187500000000004E-001  3.1936869481934832E-001
  9.7812500000000013E-001  3.0879815725546067E-001
  9.8437500000000011E-001  2.9819860287507149E-001
  9.9062500000000009E-001  2.8757524847770566E-001
  9.9687500000000007E-001  2.7693333097809869E-001
