 -9.9375000000000002E-001 -3.9535946093114283E-004 -3.9523462072382288E-004
 -9.8124999999999996E-001 -3.7481530201721423E-003 -3.7484405575672827E-003
 -9.6875000000000000E-001 -1.1003007019521635E-002 -1.1004248596345238E-002
 -9.5625000000000004E-001 -2.2871422882967288E-002 -2.2874275309255239E-002
 -9.4374999999999998E-001 -4.0255116004141743E-002 -4.0260374791547440E-002
 -9.3125000000000002E-001 -6.4308441572119512E-002 -6.4317000991007886E-002
 -9.1874999999999996E-001 -9.6515358233807441E-002 -9.6528011688632495E-002
 -9.0625000000000000E-001 -1.3876381704036822E-001 -1.3878064780695012E-001
 -8.9375000000000004E-001 -1.9334616841643729E-001 -1.9336496902178565E-001
 -8.8124999999999998E-001 -2.6266095441381787E-001 -2.6267400749000108E-001
 -8.6875000000000002E-001 -3.4808337213285767E-001 -3.4807475874591604E-001
 -8.5624999999999996E-001 -4.4743457532514758E-001 -4.4738961905763158E-001
 -8.4375000000000000E-001 -5.5256542429565980E-001 -5.5249773135695257E-001
 -8.3125000000000004E-001 -6.5191662769442704E-001 -6.5186623284683143E-001
 -8.1874999999999998E-001 -7.3733904560520602E-001 -7.3732324506029967E-001
 -8.0625000000000002E-001 -8.0665383170416716E-001 -8.0665914597563404E-001
 -7.9374999999999996E-001 -8.6123618312536632E-001 -8.6124728387292049E-001
 -7.8125000000000000E-001 -9.0348464195597389E-001 -9.0349493951706350E-001
 -7.6875000000000004E-001 -9.3569155863972431E-001 -9.3569967196516868E-001
 -7.5624999999999998E-001 -9.5974488423583293E-001 -9.5975104475108641E-001
 -7.4375000000000002E-001 -9.7712857737329673E-001 -9.7713326510679599E-001
 -7.3124999999999996E-001 -9.8899699318018708E-001 -9.8900061184250398E-001
 -7.1875000000000000E-001 -9.9625184706666270E-001 -9.9625469015152834E-001
 -7.0624999999999993E-001 -9.9960464055242515E-001 -9.9960691437672411E-001
 -6.9374999999999998E-001 -9.9962368764586429E-001 -9.9962553711304492E-001
 -6.8125000000000002E-001 -9.9676871557833169E-001 -9.9677024354001786E-001
 -6.6874999999999996E-001 -9.9141623188016759E-001 -9.9141751242125720E-001
 -6.5625000000000000E-001 -9.8387822015717619E-001 -9.8387930749777353E-001
 -6.4374999999999993E-001 -9.7441604774325707E-001 -9.7441698220045880E-001
 -6.3124999999999998E-001 -9.6325092613158492E-001 -9.6325173814687026E-001
 -6.1875000000000002E-001 -9.5057187030407775E-001 -9.5057258319876370E-001
 -6.0624999999999996E-001 -9.3654182538838548E-001 -9.3654245727837970E-001
 -5.9375000000000000E-001 -9.2130243592727679E-001 -9.2130300106757568E-001
 -5.8124999999999993E-001 -9.0497779875169249E-001 -9.0497830850082717E-001
 -5.6874999999999998E-001 -8.8767744659994885E-001 -8.8767791012161990E-001
 -5.5625000000000002E-001 -8.6949874351526346E-001 -8.6949916827846385E-001
 -5.4374999999999996E-001 -8.5052882605117719E-001 -8.5052921823331917E-001
 -5.3125000000000000E-001 -8.3084619056109221E-001 -8.3084655531385521E-001
 -5.1874999999999993E-001 -8.1052200236562078E-001 -8.1052234404267964E-001
 -5.0624999999999998E-001 -7.8962118465643172E-001 -7.8962150701324640E-001
 -4.9374999999999997E-001 -7.6820333173162436E-001 -7.6820363797332425E-001
 -4.8124999999999996E-001 -7.4632348125586168E-001 -7.4632377429813856E-001
 -4.6875000000000000E-001 -7.2403277278784606E-001 -7.2403305513572314E-001
 -4.5624999999999999E-001 -7.0137901416242299E-001 -7.0137928820176421E-001
 -4.4374999999999998E-001 -6.7840717299513786E-001 -6.7840744090910932E-001
 -4.3124999999999997E-001 -6.5515980725481304E-001 -6.5516007103119545E-001
 -4.1874999999999996E-001 -6.3167744628937650E-001 -6.3167770815502189E-001
 -4.0624999999999994E-001 -6.0799893169278718E-001 -6.0799919329940155E-001
 -3.9374999999999993E-001 -5.8416172587733439E-001 -5.8416198978100009E-001
 -3.8124999999999998E-001 -5.6020219500757285E-001 -5.6020246273542174E-001
 -3.6874999999999997E-001 -5.3615587205334259E-001 -5.3615614647920873E-001
 -3.5624999999999996E-001 -5.1205770502733516E-001 -5.1205798825318949E-001
 -3.4374999999999994E-001 -4.8794229497514330E-001 -4.8794258960873071E-001
 -3.3124999999999993E-001 -4.6384412794914698E-001 -4.6384443811704384E-001
 -3.1874999999999998E-001 -4.3979780499492604E-001 -4.3979813197666651E-001
 -3.0624999999999997E-001 -4.1583827412517838E-001 -4.1583862572678082E-001
 -2.9374999999999996E-001 -3.9200106830975923E-001 -3.9200144455429670E-001
 -2.8124999999999994E-001 -3.6832255371320899E-001 -3.6832296520311353E-001
 -2.6874999999999993E-001 -3.4484019274764988E-001 -3.4484064376877271E-001
 -2.5624999999999998E-001 -3.2159282700790093E-001 -3.2159332302697452E-001
 -2.4374999999999997E-001 -2.9862098584074248E-001 -2.9862154901942412E-001
 -2.3124999999999996E-001 -2.7596722721556449E-001 -2.7596784859849738E-001
 -2.1874999999999994E-001 -2.5367651874779612E-001 -2.5367723951814775E-001
 -2.0624999999999993E-001 -2.3179666827212525E-001 -2.3179749653072487E-001
 -1.9374999999999998E-001 -2.1037881534763919E-001 -2.1037975051355118E-001
 -1.8124999999999997E-001 -1.8947799763887288E-001 -1.8947914833095658E-001
 -1.6874999999999996E-001 -1.6915380944391856E-001 -1.6915513378547115E-001
 -1.5624999999999994E-001 -1.4947117395469178E-001 -1.4947271054916139E-001
 -1.4374999999999993E-001 -1.3050125649163910E-001 -1.3050328724335267E-001
 -1.3124999999999998E-001 -1.1232255340834249E-001 -1.1232497518364679E-001
 -1.1874999999999997E-001 -9.5022201258718186E-002 -9.5024892100211228E-002
 -1.0624999999999996E-001 -7.8697564086296939E-002 -7.8701310326607515E-002
 -9.3749999999999944E-002 -6.3458174629897196E-002 -6.3463838434866512E-002
 -8.1249999999999933E-002 -4.9428129721709277E-002 -4.9435193747957788E-002
 -6.8749999999999978E-002 -3.6749073906736096E-002 -3.6755907540629178E-002
 -5.6249999999999967E-002 -2.5583952316956690E-002 -2.5589189308228968E-002
 -4.3749999999999956E-002 -1.6121779941697022E-002 -1.6125026730603436E-002
 -3.1249999999999944E-002 -8.5837682619976999E-003 -8.5853543000077390E-003
 -1.8749999999999933E-002 -3.2312845047080376E-003 -3.2317766905229999E-003
 -6.2499999999999778E-003 -3.7631236684063655E-004 -3.7625422309932511E-004
  6.2499999999999778E-003 -3.9535946086561820E-004 -3.9523462072382060E-004
  1.8750000000000044E-002 -3.7481530199593833E-003 -3.7484405575672671E-003
  3.1250000000000111E-002 -1.1003007019135876E-002 -1.1004248596345323E-002
  4.3750000000000067E-002 -2.2871422882376074E-002 -2.2874275309255274E-002
  5.6250000000000022E-002 -4.0255116003302220E-002 -4.0260374791547336E-002
  6.8749999999999978E-002 -6.4308441570978897E-002 -6.4317000991007650E-002
  8.1250000000000044E-002 -9.6515358232294790E-002 -9.6528011688632814E-002
  9.3750000000000111E-002 -1.3876381703839338E-001 -1.3878064780695029E-001
  1.0625000000000007E-001 -1.9334616841391974E-001 -1.9336496902178554E-001
  1.1875000000000002E-001 -2.6266095441064985E-001 -2.6267400749000214E-001
  1.3124999999999998E-001 -3.4808337212904911E-001 -3.4807475874591415E-001
  1.4375000000000004E-001 -4.4743457532090236E-001 -4.4738961905763042E-001
  1.5625000000000011E-001 -5.5256542429141153E-001 -5.5249773135695379E-001
  1.6875000000000007E-001 -6.5191662769064296E-001 -6.5186623284682899E-001
  1.8125000000000002E-001 -7.3733904560205854E-001 -7.3732324506030389E-001
  1.9375000000000009E-001 -8.0665383170164606E-001 -8.0665914597563515E-001
  2.0625000000000016E-001 -8.6123618312338612E-001 -8.6124728387292049E-001
  2.1875000000000011E-001 -9.0348464195450207E-001 -9.0349493951706417E-001
  2.3125000000000007E-001 -9.3569155863857745E-001 -9.3569967196517045E-001
  2.4375000000000002E-001 -9.5974488423501603E-001 -9.5975104475108819E-001
  2.5625000000000009E-001 -9.7712857737270564E-001 -9.7713326510679810E-001
  2.6875000000000016E-001 -9.8899699317981338E-001 -9.8900061184250421E-001
  2.8125000000000011E-001 -9.9625184706645431E-001 -9.9625469015152746E-001
  2.9375000000000007E-001 -9.9960464055237863E-001 -9.9960691437672278E-001
  3.0625000000000002E-001 -9.9962368764592946E-001 -9.9962553711304303E-001
  3.1875000000000009E-001 -9.9676871557849789E-001 -9.9677024354002008E-001
  3.3125000000000016E-001 -9.9141623188042427E-001 -9.9141751242125786E-001
  3.4375000000000011E-001 -9.8387822015753090E-001 -9.8387930749777397E-001
  3.5625000000000007E-001 -9.7441604774366253E-001 -9.7441698220046025E-001
  3.6875000000000002E-001 -9.6325092613208918E-001 -9.6325173814686760E-001
  3.8125000000000009E-001 -9.5057187030462786E-001 -9.5057258319876226E-001
  3.9375000000000016E-001 -9.3654182538900876E-001 -9.3654245727837948E-001
  4.0625000000000011E-001 -9.2130243592790229E-001 -9.2130300106757468E-001
  4.1875000000000007E-001 -9.0497779875236262E-001 -9.0497830850082794E-001
  4.3125000000000002E-001 -8.8767744660066517E-001 -8.8767791012162178E-001
  4.4375000000000009E-001 -8.6949874351602585E-001 -8.6949916827846474E-001
  4.5625000000000016E-001 -8.5052882605197566E-001 -8.5052921823331828E-001
  4.6875000000000011E-001 -8.3084619056192754E-001 -8.3084655531385632E-001
  4.8125000000000007E-001 -8.1052200236644978E-001 -8.1052234404267931E-001
  4.9375000000000002E-001 -7.8962118465730669E-001 -7.8962150701324563E-001
  5.0625000000000009E-001 -7.6820333173252608E-001 -7.6820363797332203E-001
  5.1875000000000016E-001 -7.4632348125676173E-001 -7.4632377429813590E-001
  5.3125000000000011E-001 -7.2403277278878064E-001 -7.2403305513572047E-001
  5.4375000000000007E-001 -7.0137901416337245E-001 -7.0137928820176321E-001
  5.5625000000000002E-001 -6.7840717299606768E-001 -6.7840744090910898E-001
  5.6875000000000009E-001 -6.5515980725576473E-001 -6.5516007103119578E-001
  5.8125000000000016E-001 -6.3167744629035527E-001 -6.3167770815502189E-001
  5.9375000000000011E-001 -6.0799893169375485E-001 -6.0799919329940211E-001
  6.0625000000000007E-001 -5.8416172587830972E-001 -5.8416198978099998E-001
  6.1875000000000002E-001 -5.6020219500855184E-001 -5.6020246273542162E-001
  6.3125000000000009E-001 -5.3615587205432180E-001 -5.3615614647920939E-001
  6.4375000000000016E-001 -5.1205770502833292E-001 -5.1205798825318793E-001
  6.5625000000000011E-001 -4.8794229497613101E-001 -4.8794258960873110E-001
  6.6875000000000007E-001 -4.6384412795012808E-001 -4.6384443811704384E-001
  6.8125000000000002E-001 -4.3979780499590304E-001 -4.3979813197666628E-001
  6.9375000000000009E-001 -4.1583827412616614E-001 -4.1583862572678126E-001
  7.0625000000000016E-001 -3.9200106831072529E-001 -3.9200144455429664E-001
  7.1875000000000011E-001 -3.6832255371417444E-001 -3.6832296520311414E-001
  7.3125000000000007E-001 -3.4484019274861277E-001 -3.4484064376877188E-001
  7.4375000000000002E-001 -3.2159282700885616E-001 -3.2159332302697391E-001
  7.5625000000000009E-001 -2.9862098584167218E-001 -2.9862154901942439E-001
  7.6875000000000016E-001 -2.7596722721648392E-001 -2.7596784859849766E-001
  7.8125000000000011E-001 -2.5367651874869979E-001 -2.5367723951814791E-001
  7.9375000000000007E-001 -2.3179666827301204E-001 -2.3179749653072532E-001
  8.0625000000000002E-001 -2.1037881534850766E-001 -2.1037975051355190E-001
  8.1875000000000009E-001 -1.8947799763971460E-001 -1.8947914833095653E-001
  8.3125000000000016E-001 -1.6915380944473987E-001 -1.6915513378547092E-001
  8.4375000000000011E-001 -1.4947117395548037E-001 -1.4947271054916170E-001
  8.5625000000000007E-001 -1.3050125649239963E-001 -1.3050328724335275E-001
  8.6875000000000002E-001 -1.1232255340906915E-001 -1.1232497518364691E-001
  8.8125000000000009E-001 -9.5022201259404970E-002 -9.5024892100211089E-002
  8.9375000000000016E-001 -7.8697564086942437E-002 -7.8701310326607474E-002
  9.0625000000000011E-001 -6.3458174630498937E-002 -6.3463838434866582E-002
  9.1875000000000007E-001 -4.9428129722257567E-002 -4.9435193747957830E-002
  9.3125000000000002E-001 -3.6749073907225524E-002 -3.6755907540629212E-002
  9.4375000000000009E-001 -2.5583952317380178E-002 -2.5589189308228965E-002
  9.5625000000000016E-001 -1.6121779942046319E-002 -1.6125026730603332E-002
  9.6875000000000011E-001 -8.5837682622634734E-003 -8.5853543000077148E-003
  9.8125000000000007E-001 -3.2312845048783284E-003 -3.2317766905230042E-003
  9.9375000000000002E-001 -3.7631236690150729E-004 -3.7625422309933232E-004
