 -9.7499999999999998E-001  3.9457459910460169E-001  3.9446105954742050E-001
 -9.2500000000000004E-001  2.4999999999065303E-001  2.4990340342974696E-001
 -8.7500000000000000E-001  1.0542540087762584E-001  1.0539764354361772E-001
 -8.2499999999999996E-001 -1.8736351505041403E-002 -1.8725646405847198E-002
 -7.7500000000000002E-001 -1.1344255926506491E-001 -1.1343588091104291E-001
 -7.2499999999999998E-001 -1.7943230528387552E-001 -1.7944231767981225E-001
 -6.7499999999999993E-001 -2.2115216252260422E-001 -2.2117383482069097E-001
 -6.2500000000000000E-001 -2.4334375324517199E-001 -2.4336976117558159E-001
 -5.7499999999999996E-001 -2.4999998494121656E-001 -2.5002586575545427E-001
 -5.2500000000000002E-001 -2.4426006549715804E-001 -2.4428409454097305E-001
 -4.7499999999999998E-001 -2.2855389944297905E-001 -2.2857589671832088E-001
 -4.2499999999999993E-001 -2.0477168997808370E-001 -2.0479197964713863E-001
 -3.7499999999999994E-001 -1.7440372518696656E-001 -1.7442272715260118E-001
 -3.2499999999999996E-001 -1.3864522464646667E-001 -1.3866498357233037E-001
 -2.7499999999999997E-001 -9.8472837455433435E-002 -9.8497250697580946E-002
 -2.2499999999999998E-001 -5.4700340529343194E-002 -5.4724673123890365E-002
 -1.7499999999999993E-001 -8.0195956685159015E-003 -8.0237738483662554E-003
 -1.2499999999999994E-001  4.0968823306008442E-002  4.0991568627967850E-002
 -7.4999999999999956E-002  9.1732216899196500E-002  9.1755544812610432E-002
 -2.4999999999999967E-002  1.4378736330233866E-001  1.4379474925900340E-001
  2.5000000000000022E-002  1.9668556754679314E-001  1.9669018092699000E-001
  7.5000000000000067E-002  2.4999999999958478E-001  2.5000677368018587E-001
  1.2500000000000011E-001  3.0331443245242917E-001  3.0331849903402391E-001
  1.7500000000000016E-001  3.5621263669695513E-001  3.5621637721347349E-001
  2.2500000000000009E-001  4.0826778310026668E-001  4.0827192640158333E-001
  2.7500000000000002E-001  4.5903117669422144E-001  4.5903462091322933E-001
  3.2500000000000007E-001  5.0801959566103927E-001  5.0802327768718913E-001
  3.7500000000000011E-001  5.5470034052713246E-001  5.5470427279131884E-001
  4.2500000000000016E-001  5.9847283745365365E-001  5.9847689668760051E-001
  4.7500000000000009E-001  6.3864522464484463E-001  6.3864980482044353E-001
  5.2500000000000002E-001  6.7440372518606462E-001  6.7440898214839984E-001
  5.7500000000000007E-001  7.0477168997740924E-001  7.0477783519696946E-001
  6.2500000000000011E-001  7.2855389944249205E-001  7.2856135814702450E-001
  6.7500000000000016E-001  7.4426006549667556E-001  7.4426938777296214E-001
  7.2500000000000009E-001  7.4999998494085607E-001  7.5001191747731000E-001
  7.7500000000000002E-001  7.4334375324453417E-001  7.4335919616197976E-001
  8.2500000000000007E-001  7.2115216252159964E-001  7.2117129622407095E-001
  8.7500000000000011E-001  6.7943230528265675E-001  6.7945050121275596E-001
  9.2500000000000016E-001  6.1344255926433489E-001  6.1344036085701037E-001
  9.7500000000000009E-001  5.1873635152284314E-001  5.1867893966714174E-001
