 -9.9375000000000002E-001  4.4429690761668267E-001  4.4429545516877728E-001
 -9.8124999999999996E-001  4.1152308405348148E-001  4.1152107461810000E-001
 -9.6875000000000000E-001  3.7728936205255581E-001  3.7728676685233659E-001
 -9.5625000000000004E-001  3.4184280673133383E-001  3.4183965798397481E-001
 -9.4374999999999998E-001  3.0548425764276621E-001  3.0548066348094666E-001
 -9.3125000000000002E-001  2.6855887440988785E-001  2.6855501985177382E-001
 -9.1874999999999996E-001  2.3144112557143964E-001  2.3143725478944405E-001
 -9.0625000000000000E-001  1.9451574233873259E-001  1.9451212303188981E-001
 -8.9375000000000004E-001  1.5815719325068417E-001  1.5815407041830817E-001
 -8.8124999999999998E-001  1.2271063792971112E-001  1.2270818899362194E-001
 -8.6875000000000002E-001  8.8476915928570571E-002  8.8475219710099598E-002
 -8.5624999999999996E-001  5.5703092363878035E-002  5.5702120359920830E-002
 -8.4375000000000000E-001  2.4578828356243670E-002  2.4578459689808225E-002
 -8.3125000000000004E-001 -4.7622056913215575E-003 -4.7621514994889693E-003
 -8.1874999999999998E-001 -3.2237258626296741E-002 -3.2236981218997214E-002
 -8.0625000000000002E-001 -5.7807288904733002E-002 -5.7806970372050827E-002
 -7.9374999999999996E-001 -8.1468941319077809E-002 -8.1468720896632915E-002
 -7.8125000000000000E-001 -1.0324667895056150E-001 -1.0324664238238346E-001
 -7.6875000000000004E-001 -1.2318566849983661E-001 -1.2318585049592871E-001
 -7.5624999999999998E-001 -1.4134570902452737E-001 -1.4134610425280567E-001
 -7.4375000000000002E-001 -1.5779627614199909E-001 -1.5779685354367406E-001
 -7.3124999999999996E-001 -1.7261262055886134E-001 -1.7261333683167721E-001
 -7.1875000000000000E-001 -1.8587279186501005E-001 -1.8587360176818463E-001
 -7.0624999999999993E-001 -1.9765543455642942E-001 -1.9765629738468216E-001
 -6.9374999999999998E-001 -2.0803820542077983E-001 -2.0803908811305258E-001
 -6.8125000000000002E-001 -2.1709667697481222E-001 -2.1709755481525442E-001
 -6.6874999999999996E-001 -2.2490361243587592E-001 -2.2490446833380934E-001
 -6.5625000000000000E-001 -2.3152851902644436E-001 -2.3152934215464765E-001
 -6.4374999999999993E-001 -2.3703740586653257E-001 -2.3703819016718350E-001
 -6.3124999999999998E-001 -2.4149268933321660E-001 -2.4149343216649310E-001
 -6.1875000000000002E-001 -2.4495320238630017E-001 -2.4495390343240631E-001
 -6.0624999999999996E-001 -2.4747427519931403E-001 -2.4747493562803785E-001
 -5.9375000000000000E-001 -2.4910786288503156E-001 -2.4910848476009073E-001
 -5.8124999999999993E-001 -2.4990270258830266E-001 -2.4990328845816995E-001
 -5.6874999999999998E-001 -2.4990448713349683E-001 -2.4990503976108719E-001
 -5.5625000000000002E-001 -2.4915604610125588E-001 -2.4915656829243238E-001
 -5.4374999999999996E-001 -2.4769752795171918E-001 -2.4769802245168016E-001
 -5.3125000000000000E-001 -2.4556657883422517E-001 -2.4556704826948034E-001
 -5.1874999999999993E-001 -2.4279851520425411E-001 -2.4279896205425669E-001
 -5.0624999999999998E-001 -2.3942648844130338E-001 -2.3942691502921359E-001
 -4.9374999999999997E-001 -2.3548164043259068E-001 -2.3548204892796928E-001
 -4.8124999999999996E-001 -2.3099324963357426E-001 -2.3099364206238976E-001
 -4.6875000000000000E-001 -2.2598886749743455E-001 -2.2598924575656074E-001
 -4.5624999999999999E-001 -2.2049444542602811E-001 -2.2049481130036364E-001
 -4.4374999999999998E-001 -2.1453445256649506E-001 -2.1453480774782779E-001
 -4.3124999999999997E-001 -2.0813198488634937E-001 -2.0813233099347517E-001
 -4.1874999999999996E-001 -2.0130886602215575E-001 -2.0130920462236263E-001
 -4.0624999999999994E-001 -1.9408574042806656E-001 -1.9408607305994227E-001
 -3.9374999999999993E-001 -1.8648215935726509E-001 -1.8648248755592539E-001
 -3.8124999999999998E-001 -1.7851666020307563E-001 -1.7851698552921863E-001
 -3.6874999999999997E-001 -1.7020683970797224E-001 -1.7020716378142120E-001
 -3.5624999999999996E-001 -1.6156942152512582E-001 -1.6156974606119393E-001
 -3.4374999999999994E-001 -1.5262031858951347E-001 -1.5262064544533951E-001
 -3.3124999999999993E-001 -1.4337469072502670E-001 -1.4337502198178462E-001
 -3.1874999999999998E-001 -1.3384699788564181E-001 -1.3384733595073253E-001
 -3.0624999999999997E-001 -1.2405104939751704E-001 -1.2405139702516195E-001
 -2.9374999999999996E-001 -1.1400004954093367E-001 -1.1400040989600288E-001
 -2.8124999999999994E-001 -1.0370663978378310E-001 -1.0370701715340405E-001
 -2.6874999999999993E-001 -9.3182937952501585E-002 -9.3183338672802013E-002
 -2.5624999999999998E-001 -8.2440574602572897E-002 -8.2441005372932932E-002
 -2.4374999999999997E-001 -7.1490726828510542E-002 -7.1491192188054248E-002
 -2.3124999999999996E-001 -6.0344149732943664E-002 -6.0344663548779730E-002
 -2.1874999999999994E-001 -4.9011205755658385E-002 -4.9011818206711452E-002
 -2.0624999999999993E-001 -3.7501892046122920E-002 -3.7502670390534863E-002
 -1.9374999999999998E-001 -2.5825866047908499E-002 -2.5826760857879119E-002
 -1.8124999999999997E-001 -1.3992469449129435E-002 -1.3993179895142916E-002
 -1.6874999999999996E-001 -2.0107506474488892E-003 -2.0108637621405845E-003
 -1.5624999999999994E-001  1.0110514222129975E-002  1.0111113518504019E-002
 -1.4374999999999993E-001  2.2362801282341832E-002  2.2363741870763964E-002
 -1.3124999999999998E-001  3.4737820391282662E-002  3.4738606559591836E-002
 -1.1874999999999997E-001  4.7227497357493611E-002  4.7227972556469537E-002
 -1.0624999999999996E-001  5.9823957239255557E-002  5.9824276867597913E-002
 -9.3749999999999944E-002  7.2519508472604965E-002  7.2519801434638612E-002
 -8.1249999999999933E-002  8.5306627779784511E-002  8.5306887903221329E-002
 -6.8749999999999978E-002  9.8177945784542836E-002  9.8178157932205010E-002
 -5.6249999999999967E-002  1.1112623326474969E-001  1.1112641876879716E-001
 -4.3749999999999956E-002  1.2414438798006547E-001  1.2414455708525332E-001
 -3.1249999999999944E-002  1.3722542201440607E-001  1.3722557215620942E-001
 -1.8749999999999933E-002  1.5036244957715250E-001  1.5036258500389862E-001
 -6.2499999999999778E-003  1.6354867521151020E-001  1.6354880010216236E-001
  6.2499999999999778E-003  1.7677738235854815E-001  1.7677749703718876E-001
  1.8750000000000044E-002  1.9004192223112543E-001  1.9004202835748929E-001
  3.1250000000000111E-002  2.0333570295081752E-001  2.0333580222783015E-001
  4.3750000000000067E-002  2.1665217890578903E-001  2.1665227190301847E-001
  5.6250000000000022E-002  2.2998484028671218E-001  2.2998492792243497E-001
  6.8749999999999978E-002  2.4332720276006878E-001  2.4332728585111993E-001
  8.1250000000000044E-002  2.5667279723912151E-001  2.5667287625003804E-001
  9.3750000000000111E-002  2.7001515971248446E-001  2.7001523520863169E-001
  1.0625000000000007E-001  2.8334782109342016E-001  2.8334789353699918E-001
  1.1875000000000002E-001  2.9666429704839126E-001  2.9666436678927710E-001
  1.3124999999999998E-001  3.0995807776809881E-001  3.0995814517446302E-001
  1.4375000000000004E-001  3.2322261764069604E-001  3.2322268301329315E-001
  1.5625000000000011E-001  3.3645132478772422E-001  3.3645138838961863E-001
  1.6875000000000007E-001  3.4963755042211259E-001  3.4963761250827929E-001
  1.8125000000000002E-001  3.6277457798489854E-001  3.6277463877327609E-001
  1.9375000000000009E-001  3.7585561201921075E-001  3.7585567171231565E-001
  2.0625000000000016E-001  3.8887376673457880E-001  3.8887382552267563E-001
  2.1875000000000011E-001  4.0182205421486550E-001  4.0182211226934517E-001
  2.3125000000000007E-001  4.1469337221972885E-001  4.1469342970369727E-001
  2.4375000000000002E-001  4.2748049152707335E-001  4.2748054859421475E-001
  2.5625000000000009E-001  4.4017604276054817E-001  4.4017609955540477E-001
  2.6875000000000016E-001  4.5277250264255631E-001  4.5277255930484234E-001
  2.8125000000000011E-001  4.6526217960916583E-001  4.6526223627326480E-001
  2.9375000000000007E-001  4.7763719871887844E-001  4.7763725551529146E-001
  3.0625000000000002E-001  4.8988948578179903E-001  4.8988954283890523E-001
  3.1875000000000009E-001  5.0201075062986034E-001  5.0201080807449461E-001
  3.3125000000000016E-001  5.1399246944420618E-001  5.1399252740250290E-001
  3.4375000000000011E-001  5.2582586604462556E-001  5.2582592464337974E-001
  3.5625000000000007E-001  5.3750189204347065E-001  5.3750195141073820E-001
  3.6875000000000002E-001  5.4901120575333606E-001  5.4901126601958594E-001
  3.8125000000000009E-001  5.6034414973082125E-001  5.6034421102975984E-001
  3.9375000000000016E-001  5.7149072682651403E-001  5.7149078929596886E-001
  4.0625000000000011E-001  5.8244057460068266E-001  5.8244063838364979E-001
  4.1875000000000007E-001  5.9318293795068455E-001  5.9318300319631845E-001
  4.3125000000000002E-001  6.0370663978202055E-001  6.0370670664664039E-001
  4.4375000000000009E-001  6.1400004953923526E-001  6.1400011818746514E-001
  4.5625000000000016E-001  6.2405104939581868E-001  6.2405112000187046E-001
  4.6875000000000011E-001  6.3384699788398069E-001  6.3384707063278090E-001
  4.8125000000000007E-001  6.4337469072341968E-001  6.4337476581211628E-001
  4.9375000000000002E-001  6.5262031858794867E-001  6.5262039622744672E-001
  5.0625000000000009E-001  6.6156942152362541E-001  6.6156950194014363E-001
  5.1875000000000016E-001  6.7020683970704598E-001  6.7020692314346286E-001
  5.3125000000000011E-001  6.7851666020219814E-001  6.7851674692168096E-001
  5.4375000000000007E-001  6.8648215935645540E-001  6.8648224964290117E-001
  5.5625000000000002E-001  6.9408574042732019E-001  6.9408583458834960E-001
  5.6875000000000009E-001  7.0130886602146258E-001  7.0130896439100643E-001
  5.8125000000000016E-001  7.0813198488570606E-001  7.0813208782680959E-001
  5.9375000000000011E-001  7.1453445256592085E-001  7.1453456047387587E-001
  6.0625000000000007E-001  7.2049444542550090E-001  7.2049455873113954E-001
  6.1875000000000002E-001  7.2598886749689129E-001  7.2598898667025580E-001
  6.3125000000000009E-001  7.3099324963307022E-001  7.3099337518700125E-001
  6.4375000000000016E-001  7.3548164043208186E-001  7.3548177292639161E-001
  6.5625000000000011E-001  7.3942648844081305E-001  7.3942662848611951E-001
  6.6875000000000007E-001  7.4279851520375662E-001  7.4279866346556411E-001
  6.8125000000000002E-001  7.4556657883375865E-001  7.4556673603594825E-001
  6.9375000000000009E-001  7.4769752795128486E-001  7.4769769487918136E-001
  7.0625000000000016E-001  7.4915604610084330E-001  7.4915622360300660E-001
  7.1875000000000011E-001  7.4990448713314328E-001  7.4990467612112488E-001
  7.3125000000000007E-001  7.4990270258790759E-001  7.4990290403329962E-001
  7.4375000000000002E-001  7.4910786288452824E-001  7.4910807781097899E-001
  7.5625000000000009E-001  7.4747427519873844E-001  7.4747450466724685E-001
  7.6875000000000016E-001  7.4495320238567131E-001  7.4495344746994674E-001
  7.8125000000000011E-001  7.4149268933256340E-001  7.4149295107955238E-001
  7.9375000000000007E-001  7.3703740586580246E-001  7.3703768523519608E-001
  8.0625000000000002E-001  7.3152851902564309E-001  7.3152881679894610E-001
  8.1875000000000009E-001  7.2490361243497059E-001  7.2490392908186263E-001
  8.3125000000000016E-001  7.1709667697372581E-001  7.1709701245802926E-001
  8.4375000000000011E-001  7.0803820541968254E-001  7.0803855892072520E-001
  8.5625000000000007E-001  6.9765543455528278E-001  6.9765580407392414E-001
  8.6875000000000002E-001  6.8587279186380989E-001  6.8587317367016287E-001
  8.8125000000000009E-001  6.7261262055761262E-001  6.7261300842998384E-001
  8.9375000000000016E-001  6.5779627614122660E-001  6.5779666033595063E-001
  9.0625000000000011E-001  6.4134570902371402E-001  6.4134607492012241E-001
  9.1875000000000007E-001  6.2318566849905621E-001  6.2318599487478787E-001
  9.3125000000000002E-001  6.0324667894995554E-001  6.0324693591466216E-001
  9.4375000000000009E-001  5.8146894131915650E-001  5.8146908805634823E-001
  9.5625000000000016E-001  5.5780728890653719E-001  5.5780727161536880E-001
  9.6875000000000011E-001  5.3223725863568094E-001  5.3223700943166463E-001
  9.8125000000000007E-001  5.0476220570202068E-001  5.0476164370053944E-001
  9.9375000000000002E-001  4.7542117162058256E-001  4.7542020781900191E-001
