 -9.9843749999999998E-001  4.5617017629540524E-001  4.5617019349250071E-001
 -9.9531250000000004E-001  4.4828091552228833E-001  4.4828093015193737E-001
 -9.9218750000000000E-001  4.4028705295169063E-001  4.4028706484869040E-001
 -9.8906249999999996E-001  4.3219110099075919E-001  4.3219110998962179E-001
 -9.8593750000000002E-001  4.2399579472017079E-001  4.2399580065625364E-001
 -9.8281249999999998E-001  4.1570409460172519E-001  4.1570409731232366E-001
 -9.7968750000000004E-001  4.0731918814036822E-001  4.0731918746603557E-001
 -9.7656250000000000E-001  3.9884449040805148E-001  3.9884448619406065E-001
 -9.7343749999999996E-001  3.9028364334292054E-001  3.9028363544047989E-001
 -9.7031250000000002E-001  3.8164051374402547E-001  3.8164050201192268E-001
 -9.6718749999999998E-001  3.7291918989424178E-001  3.7291917420018456E-001
 -9.6406250000000004E-001  3.6412397675417141E-001  3.6412395697643629E-001
 -9.6093750000000000E-001  3.5525938968613896E-001  3.5525936571495109E-001
 -9.5781249999999996E-001  3.4633014668210982E-001  3.4633011842116568E-001
 -9.5468750000000002E-001  3.3734115908881124E-001  3.3734112645660708E-001
 -9.5156249999999998E-001  3.2829752084124680E-001  3.2829748377281714E-001
 -9.4843750000000004E-001  3.1920449624007652E-001  3.1920445468704095E-001
 -9.4531250000000000E-001  3.1006750632073798E-001  3.1006746025350235E-001
 -9.4218749999999996E-001  3.0089211389749959E-001  3.0089206330577345E-001
 -9.3906250000000002E-001  2.9168400737311245E-001  2.9168395226670052E-001
 -9.3593749999999998E-001  2.8244898343337965E-001  2.8244892384269987E-001
 -9.3281250000000004E-001  2.7319292876182577E-001  2.7319286473834781E-001
 -9.2968750000000000E-001  2.6392180092758932E-001  2.6392173254403473E-001
 -9.2656249999999996E-001  2.5464160861398144E-001  2.5464153596434558E-001
 -9.2343750000000002E-001  2.4535839136733895E-001  2.4535831456672902E-001
 -9.2031249999999998E-001  2.3607819905372895E-001  2.3607811823879371E-001
 -9.1718750000000004E-001  2.2680707121952651E-001  2.2680698654787443E-001
 -9.1406250000000000E-001  2.1755101654799647E-001  2.1755092819854224E-001
 -9.1093749999999996E-001  2.0831599260829875E-001  2.0831590078170159E-001
 -9.0781250000000002E-001  1.9910788608396074E-001  1.9910779100359272E-001
 -9.0468749999999998E-001  1.8993249366078621E-001  1.8993239557435204E-001
 -9.0156250000000004E-001  1.8079550374151326E-001  1.8079540292354704E-001
 -8.9843750000000000E-001  1.7170247914042874E-001  1.7170237589569420E-001
 -8.9531249999999996E-001  1.6265884089318602E-001  1.6265873556128488E-001
 -8.9218750000000002E-001  1.5366985329995483E-001  1.5366974626012958E-001
 -8.8906249999999998E-001  1.4474061029600138E-001  1.4474050197329386E-001
 -8.8593750000000004E-001  1.3587602322800546E-001  1.3587591409875782E-001
 -8.8281250000000000E-001  1.2708081008796865E-001  1.2708070068450925E-001
 -8.7968749999999996E-001  1.1835948623823660E-001  1.1835937715149782E-001
 -8.7656250000000002E-001  1.0971635663933732E-001  1.0971624851851661E-001
 -8.7343749999999998E-001  1.0115550957414871E-001  1.0115540312156898E-001
 -8.7031250000000004E-001  9.2680811841766769E-002  9.2680707802557952E-002
 -8.6718750000000000E-001  8.4295905380237207E-002  8.4295804525844661E-002
 -8.6406249999999996E-001  7.6004205261503144E-002  7.6004108367110135E-002
 -8.6093750000000002E-001  6.7808898990605243E-002  6.7808806806665289E-002
 -8.5781249999999998E-001  5.9712947029208485E-002  5.9712860249205225E-002
 -8.5468750000000004E-001  5.1719084457865022E-002  5.1719003683836758E-002
 -8.5156250000000000E-001  4.3829823683605246E-002  4.3829749392108167E-002
 -8.4843749999999996E-001  3.6047458095674084E-002  3.6047390607403487E-002
 -8.4531250000000002E-001  2.8374066571381848E-002  2.8374006026642536E-002
 -8.4218749999999998E-001  2.0811518731822444E-002  2.0811465074357445E-002
 -8.3906250000000004E-001  1.3361480849156933E-002  1.3361433819947902E-002
 -8.3593750000000000E-001  6.0254223054830077E-003  6.0253814509940353E-003
 -8.3281249999999996E-001 -1.1953774873942080E-003 -1.1954127911407340E-003
 -8.2968750000000002E-001 -8.2998217888771101E-003 -8.2998523028392432E-003
 -8.2656249999999998E-001 -1.5286988933289718E-002 -1.5287015521069317E-002
 -8.2343750000000004E-001 -2.2156124523594098E-002 -2.2156148115838634E-002
 -8.2031250000000000E-001 -2.8906633490976164E-002 -2.8906655044256890E-002
 -8.1718749999999996E-001 -3.5538072078661581E-002 -3.5538092531646269E-002
 -8.1406250000000002E-001 -4.2050139805149343E-002 -4.2050160038523514E-002
 -8.1093749999999998E-001 -4.8442671461218195E-002 -4.8442692265771560E-002
 -8.0781250000000004E-001 -5.4715629190792286E-002 -5.4715651244030800E-002
 -8.0468750000000000E-001 -6.0869094695602879E-002 -6.0869118547361115E-002
 -8.0156249999999996E-001 -6.6903261599021047E-002 -6.6903287665630848E-002
 -7.9843750000000002E-001 -7.2818427998935786E-002 -7.2818456564859579E-002
 -7.9531249999999998E-001 -7.8614989233741855E-002 -7.8615020459966475E-002
 -7.9218750000000004E-001 -8.4293430882869794E-002 -8.4293464819915967E-002
 -7.8906250000000000E-001 -8.9854322016959393E-002 -8.9854358621273875E-002
 -7.8593749999999996E-001 -9.5298308710704854E-002 -9.5298347862451352E-002
 -7.8281250000000002E-001 -1.0062610782641668E-001 -1.0062614934761431E-001
 -7.7968749999999998E-001 -1.0583850107449291E-001 -1.0583854474621522E-001
 -7.7656250000000004E-001 -1.1093632935350836E-001 -1.1093637493138600E-001
 -7.7343750000000000E-001 -1.1592048737056246E-001 -1.1592053459806136E-001
 -7.7031249999999996E-001 -1.2079191854030025E-001 -1.2079196715954160E-001
 -7.6718750000000002E-001 -1.2555161015929073E-001 -1.2555165991944373E-001
 -7.6406249999999998E-001 -1.3020058885090913E-001 -1.3020063951434022E-001
 -7.6093750000000004E-001 -1.3473991627482140E-001 -1.3473996762112858E-001
 -7.5781250000000000E-001 -1.3917068509368172E-001 -1.3917073692210194E-001
 -7.5468749999999996E-001 -1.4349401518930863E-001 -1.4349406731970821E-001
 -7.5156250000000002E-001 -1.4771105011958097E-001 -1.4771110239248567E-001
 -7.4843749999999998E-001 -1.5182295380718422E-001 -1.5182300608301208E-001
 -7.4531249999999993E-001 -1.5583090745058220E-001 -1.5583095960838469E-001
 -7.4218750000000000E-001 -1.5973610664761978E-001 -1.5973615858357973E-001
 -7.3906249999999996E-001 -1.6353975872212978E-001 -1.6353981034787360E-001
 -7.3593750000000002E-001 -1.6724308024348453E-001 -1.6724313148448219E-001
 -7.3281249999999998E-001 -1.7084729473006327E-001 -1.7084734552372302E-001
 -7.2968749999999993E-001 -1.7435363052560926E-001 -1.7435368082001951E-001
 -7.2656250000000000E-001 -1.7776331884089641E-001 -1.7776336859334108E-001
 -7.2343749999999996E-001 -1.8107759195017414E-001 -1.8107764112586894E-001
 -7.2031250000000002E-001 -1.8429768153397180E-001 -1.8429773010496861E-001
 -7.1718749999999998E-001 -1.8742481715956749E-001 -1.8742486510374989E-001
 -7.1406249999999993E-001 -1.9046022489070547E-001 -1.9046027219098796E-001
 -7.1093750000000000E-001 -1.9340512601869386E-001 -1.9340517266227542E-001
 -7.0781249999999996E-001 -1.9626073590707327E-001 -1.9626078188481774E-001
 -7.0468750000000002E-001 -1.9902826294263049E-001 -1.9902830824852297E-001
 -7.0156249999999998E-001 -2.0170890758566209E-001 -2.0170895221634672E-001
 -6.9843749999999993E-001 -2.0430386151291877E-001 -2.0430390546731203E-001
 -6.9531250000000000E-001 -2.0681430684690594E-001 -2.0681435012586283E-001
 -6.9218749999999996E-001 -2.0924141546555397E-001 -2.0924145807157163E-001
 -6.8906250000000002E-001 -2.1158634838660351E-001 -2.1158639032357032E-001
 -6.8593749999999998E-001 -2.1385025522133280E-001 -2.1385029649432993E-001
 -6.8281249999999993E-001 -2.1603427369271533E-001 -2.1603431430782663E-001
 -6.7968750000000000E-001 -2.1813952921315755E-001 -2.1813956917728805E-001
 -6.7656249999999996E-001 -2.2016713451734365E-001 -2.2016717383810924E-001
 -6.7343750000000002E-001 -2.2211818934616973E-001 -2.2211822803176953E-001
 -6.7031249999999998E-001 -2.2399378017766472E-001 -2.2399381823678302E-001
 -6.6718749999999993E-001 -2.2579498000136849E-001 -2.2579501744307820E-001
 -6.6406250000000000E-001 -2.2752284813263560E-001 -2.2752288496631309E-001
 -6.6093749999999996E-001 -2.2917843006368283E-001 -2.2917846629895958E-001
 -6.5781250000000002E-001 -2.3076275734841167E-001 -2.3076279299511052E-001
 -6.5468749999999998E-001 -2.3227684751822525E-001 -2.3227688258629464E-001
 -6.5156249999999993E-001 -2.3372170402607229E-001 -2.3372173852556116E-001
 -6.4843750000000000E-001 -2.3509831621656208E-001 -2.3509835015755726E-001
 -6.4531249999999996E-001 -2.3640765931959418E-001 -2.3640769271221845E-001
 -6.4218750000000002E-001 -2.3765069446565995E-001 -2.3765072732001283E-001
 -6.3906249999999998E-001 -2.3882836872065272E-001 -2.3882840104681380E-001
 -6.3593749999999993E-001 -2.3994161513854029E-001 -2.3994164694652523E-001
 -6.3281250000000000E-001 -2.4099135283007067E-001 -2.4099138412983720E-001
 -6.2968749999999996E-001 -2.4197848704613839E-001 -2.4197851784751856E-001
 -6.2656250000000002E-001 -2.4290390927404970E-001 -2.4290393958679768E-001
 -6.2343749999999998E-001 -2.4376849734577333E-001 -2.4376852717952771E-001
 -6.2031249999999993E-001 -2.4457311555657690E-001 -2.4457314492084989E-001
 -6.1718750000000000E-001 -2.4531861479309053E-001 -2.4531864369725981E-001
 -6.1406249999999996E-001 -2.4600583266969400E-001 -2.4600586112299239E-001
 -6.1093750000000002E-001 -2.4663559367222349E-001 -2.4663562168375142E-001
 -6.0781249999999998E-001 -2.4720870930820757E-001 -2.4720873688690206E-001
 -6.0468749999999993E-001 -2.4772597826261572E-001 -2.4772600541727058E-001
 -6.0156250000000000E-001 -2.4818818655858754E-001 -2.4818821329784149E-001
 -5.9843749999999996E-001 -2.4859610772224117E-001 -2.4859613405456504E-001
 -5.9531250000000002E-001 -2.4895050295102922E-001 -2.4895052888474345E-001
 -5.9218749999999998E-001 -2.4925212128502514E-001 -2.4925214682829266E-001
 -5.8906249999999993E-001 -2.4950169978060166E-001 -2.4950172494143408E-001
 -5.8593750000000000E-001 -2.4969996368599742E-001 -2.4969998847223651E-001
 -5.8281249999999996E-001 -2.4984762661831189E-001 -2.4984765103763656E-001
 -5.7968750000000002E-001 -2.4994539074150568E-001 -2.4994541480145072E-001
 -5.7656249999999998E-001 -2.4999394694510590E-001 -2.4999397065305418E-001
 -5.7343749999999993E-001 -2.4999397502316514E-001 -2.4999399838634451E-001
 -5.7031250000000000E-001 -2.4994614385323510E-001 -2.4994616687871768E-001
 -5.6718749999999996E-001 -2.4985111157500400E-001 -2.4985113426971714E-001
 -5.6406250000000002E-001 -2.4970952576843919E-001 -2.4970954813916363E-001
 -5.6093749999999998E-001 -2.4952202363110343E-001 -2.4952204568448172E-001
 -5.5781249999999993E-001 -2.4928923215452303E-001 -2.4928925389703371E-001
 -5.5468750000000000E-001 -2.4901176829925981E-001 -2.4901178973726681E-001
 -5.5156249999999996E-001 -2.4869023916881833E-001 -2.4869026030853458E-001
 -5.4843750000000002E-001 -2.4832524218187041E-001 -2.4832526302937719E-001
 -5.4531249999999998E-001 -2.4791736524294050E-001 -2.4791738580419348E-001
 -5.4218749999999993E-001 -2.4746718691130670E-001 -2.4746720719214127E-001
 -5.3906250000000000E-001 -2.4697527656806770E-001 -2.4697529657417996E-001
 -5.3593749999999996E-001 -2.4644219458119093E-001 -2.4644221431816149E-001
 -5.3281250000000002E-001 -2.4586849246860792E-001 -2.4586851194188492E-001
 -5.2968749999999998E-001 -2.4525471305910426E-001 -2.4525473227403990E-001
 -5.2656249999999993E-001 -2.4460139065117667E-001 -2.4460140961299848E-001
 -5.2343750000000000E-001 -2.4390905116956407E-001 -2.4390906988337957E-001
 -5.2031249999999996E-001 -2.4317821231954875E-001 -2.4317823079037332E-001
 -5.1718750000000002E-001 -2.4240938373902704E-001 -2.4240940197175653E-001
 -5.1406249999999998E-001 -2.4160306714815466E-001 -2.4160308514759740E-001
 -5.1093749999999993E-001 -2.4075975649679329E-001 -2.4075977426764206E-001
 -5.0781250000000000E-001 -2.3987993810944644E-001 -2.3987995565631201E-001
 -5.0468749999999996E-001 -2.3896409082798348E-001 -2.3896410815535990E-001
 -5.0156250000000002E-001 -2.3801268615185556E-001 -2.3801270326416485E-001
 -4.9843749999999998E-001 -2.3702618837608136E-001 -2.3702620527764842E-001
 -4.9531249999999999E-001 -2.3600505472675887E-001 -2.3600507142182431E-001
 -4.9218750000000000E-001 -2.3494973549428277E-001 -2.3494975198700407E-001
 -4.8906249999999996E-001 -2.3386067416420733E-001 -2.3386069045865471E-001
 -4.8593749999999997E-001 -2.3273830754574190E-001 -2.3273832364590619E-001
 -4.8281249999999998E-001 -2.3158306589797917E-001 -2.3158308180777654E-001
 -4.7968749999999999E-001 -2.3039537305380403E-001 -2.3039538877707735E-001
 -4.7656250000000000E-001 -2.2917564654153960E-001 -2.2917566208205092E-001
 -4.7343749999999996E-001 -2.2792429770429268E-001 -2.2792431306574185E-001
 -4.7031249999999997E-001 -2.2664173181714140E-001 -2.2664174700316636E-001
 -4.6718749999999998E-001 -2.2532834820210446E-001 -2.2532836321626187E-001
 -4.6406249999999999E-001 -2.2398454034085452E-001 -2.2398455518665100E-001
 -4.6093750000000000E-001 -2.2261069598540828E-001 -2.2261071066628282E-001
 -4.5781249999999996E-001 -2.2120719726661209E-001 -2.2120721178593572E-001
 -4.5468749999999997E-001 -2.1977442080053777E-001 -2.1977443516165263E-001
 -4.5156249999999998E-001 -2.1831273779292218E-001 -2.1831275199908759E-001
 -4.4843749999999999E-001 -2.1682251414142018E-001 -2.1682252819586281E-001
 -4.4531250000000000E-001 -2.1530411053602130E-001 -2.1530412444190516E-001
 -4.4218749999999996E-001 -2.1375788255739878E-001 -2.1375789631783815E-001
 -4.3906249999999997E-001 -2.1218418077334480E-001 -2.1218419439142544E-001
 -4.3593749999999998E-001 -2.1058335083339441E-001 -2.1058336431213534E-001
 -4.3281249999999999E-001 -2.0895573356145297E-001 -2.0895574690384039E-001
 -4.2968750000000000E-001 -2.0730166504667361E-001 -2.0730167825567147E-001
 -4.2656249999999996E-001 -2.0562147673256950E-001 -2.0562148981107858E-001
 -4.2343749999999997E-001 -2.0391549550424776E-001 -2.0391550845514325E-001
 -4.2031249999999998E-001 -2.0218404377401222E-001 -2.0218405660014027E-001
 -4.1718749999999999E-001 -2.0042743956522863E-001 -2.0042745226939501E-001
 -4.1406250000000000E-001 -1.9864599659449356E-001 -1.9864600917948824E-001
 -4.1093749999999996E-001 -1.9684002435224510E-001 -1.9684003682081805E-001
 -4.0781249999999997E-001 -1.9500982818166906E-001 -1.9500984053655226E-001
 -4.0468749999999998E-001 -1.9315570935610316E-001 -1.9315572160002134E-001
 -4.0156249999999993E-001 -1.9127796515492859E-001 -1.9127797729054977E-001
 -3.9843749999999994E-001 -1.8937688893779364E-001 -1.8937690096779194E-001
 -3.9531249999999996E-001 -1.8745277021754689E-001 -1.8745278214459293E-001
 -3.9218749999999997E-001 -1.8550589473164525E-001 -1.8550590655837249E-001
 -3.8906249999999998E-001 -1.8353654451206369E-001 -1.8353655624111662E-001
 -3.8593749999999993E-001 -1.8154499795396684E-001 -1.8154500958796296E-001
 -3.8281249999999994E-001 -1.7953152988285720E-001 -1.7953154142442421E-001
 -3.7968749999999996E-001 -1.7749641162053265E-001 -1.7749642307228333E-001
 -3.7656249999999997E-001 -1.7543991104960677E-001 -1.7543992241417428E-001
 -3.7343749999999998E-001 -1.7336229267688313E-001 -1.7336230395688745E-001
 -3.7031249999999993E-001 -1.7126381769535109E-001 -1.7126382889343067E-001
 -3.6718749999999994E-001 -1.6914474404503432E-001 -1.6914475516383895E-001
 -3.6406249999999996E-001 -1.6700532647263755E-001 -1.6700533751482421E-001
 -3.6093749999999997E-001 -1.6484581658992417E-001 -1.6484582755821897E-001
 -3.5781249999999998E-001 -1.6266646293121895E-001 -1.6266647382827626E-001
 -3.5468749999999993E-001 -1.6046751100931289E-001 -1.6046752183786567E-001
 -3.5156249999999994E-001 -1.5824920337073681E-001 -1.5824921413354454E-001
 -3.4843749999999996E-001 -1.5601177964970886E-001 -1.5601179034956508E-001
 -3.4531249999999997E-001 -1.5375547662108907E-001 -1.5375548726083627E-001
 -3.4218749999999998E-001 -1.5148052825229755E-001 -1.5148053883483359E-001
 -3.3906249999999993E-001 -1.4918716575427271E-001 -1.4918717628252504E-001
 -3.3593749999999994E-001 -1.4687561763133397E-001 -1.4687562810830304E-001
 -3.3281249999999996E-001 -1.4454610973018694E-001 -1.4454612015894086E-001
 -3.2968749999999997E-001 -1.4219886528794434E-001 -1.4219887567162900E-001
 -3.2656249999999998E-001 -1.3983410497922946E-001 -1.3983411532106854E-001
 -3.2343749999999993E-001 -1.3745204696236102E-001 -1.3745205726567342E-001
 -3.2031249999999994E-001 -1.3505290692469038E-001 -1.3505291719288881E-001
 -3.1718749999999996E-001 -1.3263689812703028E-001 -1.3263690836364786E-001
 -3.1406249999999997E-001 -1.3020423144728388E-001 -1.3020424165597796E-001
 -3.1093749999999998E-001 -1.2775511542323201E-001 -1.2775512560779564E-001
 -3.0781249999999993E-001 -1.2528975629450445E-001 -1.2528976645887735E-001
 -3.0468749999999994E-001 -1.2280835804375875E-001 -1.2280836819205604E-001
 -3.0156249999999996E-001 -1.2031112243712307E-001 -1.2031113257363837E-001
 -2.9843749999999997E-001 -1.1779824906383687E-001 -1.1779825919306734E-001
 -2.9531249999999998E-001 -1.1526993537518128E-001 -1.1526994550185593E-001
 -2.9218749999999993E-001 -1.1272637672269106E-001 -1.1272638685177998E-001
 -2.8906249999999994E-001 -1.1016776639563397E-001 -1.1016777653239500E-001
 -2.8593749999999996E-001 -1.0759429565783468E-001 -1.0759430580783243E-001
 -2.8281249999999997E-001 -1.0500615378381115E-001 -1.0500616395294210E-001
 -2.7968749999999998E-001 -1.0240352809421602E-001 -1.0240353828876861E-001
 -2.7656249999999993E-001 -9.9786603990703659E-002 -9.9786614217383690E-002
 -2.7343749999999994E-001 -9.7155564990087789E-002 -9.7155575256085744E-002
 -2.7031249999999996E-001 -9.4510592757961726E-002 -9.4510603070991822E-002
 -2.6718749999999997E-001 -9.1851867141633320E-002 -9.1851877510016930E-002
 -2.6406249999999998E-001 -8.9179566202536115E-002 -8.9179576635268043E-002
 -2.6093749999999993E-001 -8.6493866248039800E-002 -8.6493876754874147E-002
 -2.5781249999999994E-001 -8.3794941862676581E-002 -8.3794952454237057E-002
 -2.5468749999999996E-001 -8.1082965938854501E-002 -8.1082976626742048E-002
 -2.5156249999999997E-001 -7.8358109706982371E-002 -7.8358120503938908E-002
 -2.4843749999999998E-001 -7.5620542765135662E-002 -7.5620553685187289E-002
 -2.4531249999999993E-001 -7.2870433108138954E-002 -7.2870444166802634E-002
 -2.4218749999999994E-001 -7.0107947156189870E-002 -7.0107958370697512E-002
 -2.3906249999999996E-001 -6.7333249782948301E-002 -6.7333261172546996E-002
 -2.3593749999999997E-001 -6.4546504343198169E-002 -6.4546515929477633E-002
 -2.3281249999999998E-001 -6.1747872699964595E-002 -6.1747884507302273E-002
 -2.2968749999999993E-001 -5.8937515251298291E-002 -5.8937527307313428E-002
 -2.2656249999999994E-001 -5.6115590956413441E-002 -5.6115603292658127E-002
 -2.2343749999999996E-001 -5.3282257361569135E-002 -5.3282270014329065E-002
 -2.2031249999999997E-001 -5.0437670625416112E-002 -5.0437683636751891E-002
 -2.1718749999999998E-001 -4.7581985543972700E-002 -4.7581998962946681E-002
 -2.1406249999999993E-001 -4.4715355575145083E-002 -4.4715369459404644E-002
 -2.1093749999999994E-001 -4.1837932862893251E-002 -4.1837947281091109E-002
 -2.0781249999999996E-001 -3.8949868260967233E-002 -3.8949883296619012E-002
 -2.0468749999999997E-001 -3.6051311356232893E-002 -3.6051327112168123E-002
 -2.0156249999999998E-001 -3.3142410491732090E-002 -3.3142427092364750E-002
 -1.9843749999999993E-001 -3.0223312789227019E-002 -3.0223330382290199E-002
 -1.9531249999999994E-001 -2.7294164171534321E-002 -2.7294182945560075E-002
 -1.9218749999999996E-001 -2.4355109384347155E-002 -2.4355129628827618E-002
 -1.8906249999999997E-001 -2.1406292017856293E-002 -2.1406314215633566E-002
 -1.8593749999999998E-001 -1.8447854527965976E-002 -1.8447879359732463E-002
 -1.8281249999999993E-001 -1.5479938257177946E-002 -1.5479966292079428E-002
 -1.7968749999999994E-001 -1.2502683455254191E-002 -1.2502714388794148E-002
 -1.7656249999999996E-001 -9.5162292994795186E-003 -9.5162609992431625E-003
 -1.7343749999999997E-001 -6.5207139148843844E-003 -6.5207420252331762E-003
 -1.7031249999999998E-001 -3.5162743951550972E-003 -3.5162932860414867E-003
 -1.6718749999999993E-001 -5.0304680340540757E-004 -5.0305188114102551E-004
 -1.6406249999999994E-001  2.5188337823056849E-003  2.5188436432333132E-003
 -1.6093749999999996E-001  5.5492332070084249E-003  5.5492548345310111E-003
 -1.5781249999999997E-001  8.5880183551137711E-003  8.5880456783976860E-003
 -1.5468749999999998E-001  1.1635057012150533E-002  1.1635084011592450E-002
 -1.5156249999999993E-001  1.4690217886728838E-002  1.4690240965339591E-002
 -1.4843749999999994E-001  1.7753370591278399E-002  1.7753389051146394E-002
 -1.4531249999999996E-001  2.0824385624116586E-002  2.0824400499565261E-002
 -1.4218749999999997E-001  2.3903134352157893E-002  2.3903146920322402E-002
 -1.3906249999999998E-001  2.6989488993846657E-002  2.6989500018909467E-002
 -1.3593749999999993E-001  3.0083322602358728E-002  3.0083332385491334E-002
 -1.3281249999999994E-001  3.3184509049089636E-002  3.3184517742862921E-002
 -1.2968749999999996E-001  3.6292923007254188E-002  3.6292930776058101E-002
 -1.2656249999999997E-001  3.9408439935885040E-002  3.9408446941441820E-002
 -1.2343749999999998E-001  4.2530936063849951E-002  4.2530942426630997E-002
 -1.2031249999999993E-001  4.5660288374258326E-002  4.5660294179065079E-002
 -1.1718749999999994E-001  4.8796374588872579E-002  4.8796379905628087E-002
 -1.1406249999999996E-001  5.1939073152881460E-002  5.1939078043286992E-002
 -1.1093749999999997E-001  5.5088263219800725E-002  5.5088267735436430E-002
 -1.0781249999999998E-001  5.8243824636550749E-002  5.8243828819745457E-002
 -1.0468749999999993E-001  6.1405637928749535E-002  6.1405641815630727E-002
 -1.0156249999999994E-001  6.4573584286197777E-002  6.4573587908200170E-002
 -9.8437499999999956E-002  6.7747545548350108E-002  6.7747548932721433E-002
 -9.5312499999999967E-002  7.0927404190355009E-002  7.0927407360669950E-002
 -9.2187499999999978E-002  7.4113043308857762E-002  7.4113046285827350E-002
 -8.9062499999999933E-002  7.7304346608168290E-002  7.7304349410095244E-002
 -8.5937499999999944E-002  8.0501198386551287E-002  8.0501201029629335E-002
 -8.2812499999999956E-002  8.3703483522614003E-002  8.3703486021288381E-002
 -7.9687499999999967E-002  8.6911087462059888E-002  8.6911089829178237E-002
 -7.6562499999999978E-002  9.0123896204176379E-002  9.0123898451307555E-002
 -7.3437499999999933E-002  9.3341796288875484E-002  9.3341798426438943E-002
 -7.0312499999999944E-002  9.6564674783668078E-002  9.6564676821078624E-002
 -6.7187499999999956E-002  9.9792419270801583E-002  9.9792421216598093E-002
 -6.4062499999999967E-002  1.0302491783455296E-001  1.0302491969649852E-001
 -6.0937499999999978E-002  1.0626205904862331E-001  1.0626206083379319E-001
 -5.7812499999999933E-002  1.0950373196366051E-001  1.0950373367853337E-001
 -5.4687499999999944E-002  1.1274982609493209E-001  1.1274982774543946E-001
 -5.1562499999999956E-002  1.1600023141007464E-001  1.1600023300166509E-001
 -4.8437499999999967E-002  1.1925483831697115E-001  1.1925483985466753E-001
 -4.5312499999999978E-002  1.2251353765175860E-001  1.2251353914018923E-001
 -4.2187499999999933E-002  1.2577622066698296E-001  1.2577622211035214E-001
 -3.9062499999999944E-002  1.2904277901950259E-001  1.2904278042185499E-001
 -3.5937499999999956E-002  1.3231310475926022E-001  1.3231310612427477E-001
 -3.2812499999999967E-002  1.3558709031735161E-001  1.3558709164845126E-001
 -2.9687499999999978E-002  1.3886462849462555E-001  1.3886462979498806E-001
 -2.6562499999999933E-002  1.4214561245022714E-001  1.4214561372283155E-001
 -2.3437499999999944E-002  1.4542993569032797E-001  1.4542993693794568E-001
 -2.0312499999999956E-002  1.4871749205684001E-001  1.4871749328205960E-001
 -1.7187499999999967E-002  1.5200817571626685E-001  1.5200817692152260E-001
 -1.4062499999999978E-002  1.5530188114863488E-001  1.5530188233620659E-001
 -1.0937499999999933E-002  1.5859850313648566E-001  1.5859850430851585E-001
 -7.8124999999999445E-003  1.6189793675394681E-001  1.6189793791244925E-001
 -4.6874999999999556E-003  1.6520007735588510E-001  1.6520007850275076E-001
 -1.5624999999999667E-003  1.6850482056701283E-001  1.6850482170410833E-001
  1.5625000000000222E-003  1.7181206227151924E-001  1.7181206340044503E-001
  4.6875000000000666E-003  1.7512169860188062E-001  1.7512169972423997E-001
  7.8125000000001110E-003  1.7843362592864043E-001  1.7843362704594112E-001
  1.0937500000000044E-002  1.8174774084976089E-001  1.8174774196342491E-001
  1.4062499999999978E-002  1.8506394018010963E-001  1.8506394129149736E-001
  1.7187500000000022E-002  1.8838212094107804E-001  1.8838212205146190E-001
  2.0312500000000067E-002  1.9170218035014061E-001  1.9170218146074183E-001
  2.3437500000000111E-002  1.9502401581054929E-001  1.9502401692253249E-001
  2.6562500000000044E-002  1.9834752490105509E-001  1.9834752601551922E-001
  2.9687499999999978E-002  2.0167260536560808E-001  2.0167260648360857E-001
  3.2812500000000022E-002  2.0499915510319194E-001  2.0499915622573897E-001
  3.5937500000000067E-002  2.0832707215764418E-001  2.0832707328568620E-001
  3.9062500000000111E-002  2.1165625470748692E-001  2.1165625584193892E-001
  4.2187500000000044E-002  2.1498660105584383E-001  2.1498660219758231E-001
  4.5312499999999978E-002  2.1831800962037179E-001  2.1831801077022836E-001
  4.8437500000000022E-002  2.2165037892317110E-001  2.2165038008195864E-001
  5.1562500000000067E-002  2.2498360758082142E-001  2.2498360874930551E-001
  5.4687500000000111E-002  2.2831759429432147E-001  2.2831759547324609E-001
  5.7812500000000044E-002  2.3165223783914177E-001  2.3165223902922266E-001
  6.0937499999999978E-002  2.3498743705525887E-001  2.3498743825717205E-001
  6.4062500000000022E-002  2.3832309083718806E-001  2.3832309205158828E-001
  6.7187500000000067E-002  2.4165909812404684E-001  2.4165909935157964E-001
  7.0312500000000111E-002  2.4499535788966503E-001  2.4499535913093912E-001
  7.3437500000000044E-002  2.4833176913263419E-001  2.4833177038823664E-001
  7.6562499999999978E-002  2.5166823086655510E-001  2.5166823213690698E-001
  7.9687500000000022E-002  2.5500464210952506E-001  2.5500464339533196E-001
  8.2812500000000067E-002  2.5834090187514464E-001  2.5834090317694558E-001
  8.5937500000000111E-002  2.6167690916201447E-001  2.6167691048031910E-001
  8.9062500000000044E-002  2.6501256294392139E-001  2.6501256427925540E-001
  9.2187499999999978E-002  2.6834776216004791E-001  2.6834776351287715E-001
  9.5312500000000022E-002  2.7168240570486779E-001  2.7168240707568009E-001
  9.8437500000000067E-002  2.7501639241837617E-001  2.7501639380762438E-001
  1.0156250000000011E-001  2.7834962107602224E-001  2.7834962248416567E-001
  1.0468750000000004E-001  2.8168199037882974E-001  2.8168199180629694E-001
  1.0781249999999998E-001  2.8501339894335687E-001  2.8501340039057838E-001
  1.1093750000000002E-001  2.8834374529172080E-001  2.8834374675911317E-001
  1.1406250000000007E-001  2.9167292784155452E-001  2.9167292932954464E-001
  1.1718750000000011E-001  2.9500084489600564E-001  2.9500084640498170E-001
  1.2031250000000004E-001  2.9832739463361002E-001  2.9832739616395032E-001
  1.2343749999999998E-001  3.0165247509815885E-001  3.0165247665026923E-001
  1.2656250000000002E-001  3.0497598418867145E-001  3.0497598576291257E-001
  1.2968750000000007E-001  3.0829781964907821E-001  3.0829782124583627E-001
  1.3281250000000011E-001  3.1161787905814597E-001  3.1161788067777230E-001
  1.3593750000000004E-001  3.1493605981911305E-001  3.1493606146196990E-001
  1.3906249999999998E-001  3.1825225914947353E-001  3.1825226081591002E-001
  1.4218750000000002E-001  3.2156637407059474E-001  3.2156637576096492E-001
  1.4531250000000007E-001  3.2487830139736618E-001  3.2487830311200888E-001
  1.4843750000000011E-001  3.2818793772773125E-001  3.2818793946699198E-001
  1.5156250000000004E-001  3.3149517943224277E-001  3.3149518119644134E-001
  1.5468749999999998E-001  3.3479992264332847E-001  3.3479992443292872E-001
  1.5781250000000002E-001  3.3810206324528674E-001  3.3810206506047563E-001
  1.6093750000000007E-001  3.4140149686275745E-001  3.4140149870388142E-001
  1.6406250000000011E-001  3.4469811885063123E-001  3.4469812071799100E-001
  1.6718750000000004E-001  3.4799182428299907E-001  3.4799182617693730E-001
  1.7031249999999998E-001  3.5128250794242455E-001  3.5128250986325626E-001
  1.7343750000000002E-001  3.5457006430894078E-001  3.5457006625697518E-001
  1.7656250000000007E-001  3.5785438754905852E-001  3.5785438952460097E-001
  1.7968750000000011E-001  3.6113537150468450E-001  3.6113537350804487E-001
  1.8281250000000004E-001  3.6441290968195600E-001  3.6441291171346024E-001
  1.8593749999999998E-001  3.6768689524007225E-001  3.6768689730001192E-001
  1.8906250000000002E-001  3.7095722097983408E-001  3.7095722306854012E-001
  1.9218750000000007E-001  3.7422377933237000E-001  3.7422378145014168E-001
  1.9531250000000011E-001  3.7748646234753158E-001  3.7748646449467155E-001
  1.9843750000000016E-001  3.8074516168232164E-001  3.8074516385915197E-001
  2.0156250000000009E-001  3.8399976858923857E-001  3.8399977079605380E-001
  2.0468750000000002E-001  3.8725017390439020E-001  3.8725017614150820E-001
  2.0781250000000007E-001  3.9049626803568327E-001  3.9049627030340700E-001
  2.1093750000000011E-001  3.9373794095074222E-001  3.9373794324937827E-001
  2.1406250000000016E-001  3.9697508216482635E-001  3.9697508449469421E-001
  2.1718750000000009E-001  4.0020758072860024E-001  4.0020758309000537E-001
  2.2031250000000002E-001  4.0343532521575354E-001  4.0343532760900963E-001
  2.2343750000000007E-001  4.0665820371057881E-001  4.0665820613598586E-001
  2.2656250000000011E-001  4.0987610379529693E-001  4.0987610625319043E-001
  2.2968750000000016E-001  4.1308891253743762E-001  4.1308891502812878E-001
  2.3281250000000009E-001  4.1629651647691723E-001  4.1629651900071268E-001
  2.3593750000000002E-001  4.1949880161303943E-001  4.1949880417027374E-001
  2.3906250000000007E-001  4.2269565339145188E-001  4.2269565598244035E-001
  2.4218750000000011E-001  4.2588695669081089E-001  4.2588695931586007E-001
  2.4531250000000016E-001  4.2907259580934576E-001  4.2907259846880658E-001
  2.4843750000000009E-001  4.3225245445137161E-001  4.3225245714558636E-001
  2.5156250000000002E-001  4.3542641571356633E-001  4.3542641844284535E-001
  2.5468750000000007E-001  4.3859436207103386E-001  4.3859436483570119E-001
  2.5781250000000011E-001  4.4175617536328382E-001  4.4175617816369256E-001
  2.6093750000000016E-001  4.4491173678007750E-001  4.4491173961657571E-001
  2.6406250000000009E-001  4.4806092684706322E-001  4.4806092971997713E-001
  2.6718750000000002E-001  4.5120362541113490E-001  4.5120362832082739E-001
  2.7031250000000007E-001  4.5433971162582348E-001  4.5433971457263878E-001
  2.7343750000000011E-001  4.5746906393632419E-001  4.5746906692060768E-001
  2.7656250000000016E-001  4.6059156006440638E-001  4.6059156308652227E-001
  2.7968750000000009E-001  4.6370707699312685E-001  4.6370708005345784E-001
  2.8281250000000002E-001  4.6681549095142610E-001  4.6681549405031364E-001
  2.8593750000000007E-001  4.6991667739828519E-001  4.6991668053611757E-001
  2.8906250000000011E-001  4.7301051100700719E-001  4.7301051418413304E-001
  2.9218750000000016E-001  4.7609686564891435E-001  4.7609686886574804E-001
  2.9531250000000009E-001  4.7917561437730088E-001  4.7917561763417332E-001
  2.9843750000000002E-001  4.8224662941055929E-001  4.8224663270788504E-001
  3.0156250000000007E-001  4.8530978211571174E-001  4.8530978545385633E-001
  3.0468750000000011E-001  4.8836494299116273E-001  4.8836494637055239E-001
  3.0781250000000016E-001  4.9141198164963890E-001  4.9141198507069123E-001
  3.1093750000000009E-001  4.9445076680067540E-001  4.9445077026376894E-001
  3.1406250000000002E-001  4.9748116623275412E-001  4.9748116973830547E-001
  3.1718750000000007E-001  5.0050304679529700E-001  5.0050305034385956E-001
  3.2031250000000011E-001  5.0351627438090008E-001  5.0351627797278198E-001
  3.2343750000000016E-001  5.0652071390608500E-001  5.0652071754169903E-001
  3.2656250000000009E-001  5.0951622929291607E-001  5.0951623297272097E-001
  3.2968750000000002E-001  5.1250268344991379E-001  5.1250268717432734E-001
  3.3281250000000007E-001  5.1547993825260685E-001  5.1547994202207503E-001
  3.3593750000000011E-001  5.1844785452390507E-001  5.1844785833889295E-001
  3.3906250000000016E-001  5.2140629201416711E-001  5.2140629587513587E-001
  3.4218750000000009E-001  5.2435510938095642E-001  5.2435511328835738E-001
  3.4531250000000002E-001  5.2729416416834907E-001  5.2729416812268515E-001
  3.4843750000000007E-001  5.3022331278625612E-001  5.3022331678795320E-001
  3.5156250000000011E-001  5.3314241048888378E-001  5.3314241453847711E-001
  3.5468750000000016E-001  5.3605131135352191E-001  5.3605131545148010E-001
  3.5781250000000009E-001  5.3894986825838498E-001  5.3894987240519099E-001
  3.6093750000000002E-001  5.4183793286038551E-001  5.4183793705660488E-001
  3.6406250000000007E-001  5.4471535557270234E-001  5.4471535981884767E-001
  3.6718750000000011E-001  5.4758198554161219E-001  5.4758198983817519E-001
  3.7031250000000016E-001  5.5043767062312687E-001  5.5043767497064899E-001
  3.7343750000000009E-001  5.5328225735933700E-001  5.5328226175836137E-001
  3.7656250000000002E-001  5.5611559095423591E-001  5.5611559540531474E-001
  3.7968750000000007E-001  5.5893751524915380E-001  5.5893751975286365E-001
  3.8281250000000011E-001  5.6174787269786086E-001  5.6174787725475117E-001
  3.8593750000000016E-001  5.6454650434111742E-001  5.6454650895177061E-001
  3.8906250000000009E-001  5.6733324978090360E-001  5.6733325444590466E-001
  3.9218750000000002E-001  5.7010794715418145E-001  5.7010795187411745E-001
  3.9531250000000007E-001  5.7287043310615915E-001  5.7287043788165160E-001
  3.9843750000000011E-001  5.7562054276318819E-001  5.7562054759483938E-001
  4.0156250000000016E-001  5.7835810970506107E-001  5.7835811459349973E-001
  4.0468750000000009E-001  5.8108296593694253E-001  5.8108297088282357E-001
  4.0781250000000002E-001  5.8379494186080705E-001  5.8379494686474964E-001
  4.1093750000000007E-001  5.8649386624619404E-001  5.8649387130886543E-001
  4.1406250000000011E-001  5.8917956620071221E-001  5.8917957132277921E-001
  4.1718750000000016E-001  5.9185186713981408E-001  5.9185187232197001E-001
  4.2031250000000009E-001  5.9451059275615037E-001  5.9451059799908534E-001
  4.2343750000000002E-001  5.9715556498830269E-001  5.9715557029270006E-001
  4.2656250000000007E-001  5.9978660398893247E-001  5.9978660935551331E-001
  4.2968750000000011E-001  6.0240352809246422E-001  6.0240353352195597E-001
  4.3281250000000016E-001  6.0500615378205258E-001  6.0500615927521206E-001
  4.3593750000000009E-001  6.0759429565608758E-001  6.0759430121364766E-001
  4.3906250000000002E-001  6.1016776639388626E-001  6.1016777201662242E-001
  4.4218750000000007E-001  6.1272637672097674E-001  6.1272638240963750E-001
  4.4531250000000011E-001  6.1526993537348296E-001  6.1526994112888156E-001
  4.4843750000000016E-001  6.1779824906213232E-001  6.1779825488508899E-001
  4.5156250000000009E-001  6.2031112243543229E-001  6.2031112832674185E-001
  4.5468750000000002E-001  6.2280835804207046E-001  6.2280836400257933E-001
  4.5781250000000007E-001  6.2528975629281947E-001  6.2528976232336619E-001
  4.6093750000000011E-001  6.2775511542155871E-001  6.2775512152300827E-001
  4.6406250000000016E-001  6.3020423144561089E-001  6.3020423761885691E-001
  4.6718750000000009E-001  6.3263689812537849E-001  6.3263690437128772E-001
  4.7031250000000002E-001  6.3505290692302996E-001  6.3505291324253887E-001
  4.7343750000000007E-001  6.3745204696072855E-001  6.3745205335473665E-001
  4.7656250000000011E-001  6.3983410497759197E-001  6.3983411144706515E-001
  4.7968750000000016E-001  6.4219886528634051E-001  6.4219887183220303E-001
  4.8281250000000009E-001  6.4454610972857296E-001  6.4454611635184389E-001
  4.8593750000000002E-001  6.4687561762975454E-001  6.4687562433139056E-001
  4.8906250000000007E-001  6.4918716575268842E-001  6.4918717253373870E-001
  4.9218750000000011E-001  6.5148052825075098E-001  6.5148053511220672E-001
  4.9531250000000016E-001  6.5375547661955025E-001  6.5375548356248081E-001
  4.9843750000000009E-001  6.5601177964817403E-001  6.5601178667366222E-001
  5.0156250000000002E-001  6.5824920336920423E-001  6.5824921047834062E-001
  5.0468750000000007E-001  6.6046751100780476E-001  6.6046751820167526E-001
  5.0781250000000011E-001  6.6266646292971487E-001  6.6266647020947111E-001
  5.1093750000000016E-001  6.6484581658846298E-001  6.6484582395521641E-001
  5.1406250000000009E-001  6.6700532647172706E-001  6.6700533392609773E-001
  5.1718750000000002E-001  6.6914474404411473E-001  6.6914475158789788E-001
  5.2031250000000007E-001  6.7126381769445032E-001  6.7126382532883178E-001
  5.2343750000000011E-001  6.7336229267598557E-001  6.7336230040223111E-001
  5.2656250000000016E-001  6.7543991104872692E-001  6.7543991886808108E-001
  5.2968750000000009E-001  6.7749641161965235E-001  6.7749641953340911E-001
  5.3281250000000002E-001  6.7953152988200438E-001  6.7953153789146359E-001
  5.3593750000000007E-001  6.8154499795314050E-001  6.8154500605963309E-001
  5.3906250000000011E-001  6.8353654451123624E-001  6.8353655271615588E-001
  5.4218750000000016E-001  6.8550589473081514E-001  6.8550590303553416E-001
  5.4531250000000009E-001  6.8745277021674589E-001  6.8745277862266563E-001
  5.4843750000000002E-001  6.8937688893699445E-001  6.8937689744556774E-001
  5.5156250000000007E-001  6.9127796515415429E-001  6.9127797376683453E-001
  5.5468750000000011E-001  6.9315570935534387E-001  6.9315571807365284E-001
  5.5781250000000016E-001  6.9500982818092105E-001  6.9500983700636654E-001
  5.6093750000000009E-001  6.9684002435151604E-001  6.9684003328565214E-001
  5.6406250000000002E-001  6.9864599659376481E-001  6.9864600563820478E-001
  5.6718750000000007E-001  7.0042743956451603E-001  7.0042744872085239E-001
  5.7031250000000011E-001  7.0218404377331645E-001  7.0218405304320775E-001
  5.7343750000000016E-001  7.0391549550357491E-001  7.0391550488869226E-001
  5.7656250000000009E-001  7.0562147673192066E-001  7.0562148623397158E-001
  5.7968750000000002E-001  7.0730166504603642E-001  7.0730167466678218E-001
  5.8281250000000007E-001  7.0895573356081754E-001  7.0895574330204447E-001
  5.8593750000000011E-001  7.1058335083275403E-001  7.1058336069629191E-001
  5.8906250000000016E-001  7.1218418077271561E-001  7.1218419076040740E-001
  5.9218750000000009E-001  7.1375788255679651E-001  7.1375789267050294E-001
  5.9531250000000002E-001  7.1530411053542420E-001  7.1530412077709837E-001
  5.9843750000000007E-001  7.1682251414084153E-001  7.1682252451243700E-001
  6.0156250000000011E-001  7.1831273779235116E-001  7.1831274829587588E-001
  6.0468750000000016E-001  7.1977442079997556E-001  7.1977443143747144E-001
  6.0781250000000009E-001  7.2120719726604177E-001  7.2120720803960636E-001
  6.1093750000000002E-001  7.2261069598488281E-001  7.2261070689659967E-001
  6.1406250000000007E-001  7.2398454034031634E-001  7.2398455139240947E-001
  6.1718750000000011E-001  7.2532834820156755E-001  7.2532835939623297E-001
  6.2031250000000016E-001  7.2664173181660552E-001  7.2664174315609942E-001
  6.2343750000000009E-001  7.2792429770376643E-001  7.2792430919036222E-001
  6.2656250000000002E-001  7.2917564654102640E-001  7.2917565817707697E-001
  6.2968750000000007E-001  7.3039537305333668E-001  7.3039538484121047E-001
  6.3281250000000011E-001  7.3158306589748656E-001  7.3158307783968390E-001
  6.3593750000000016E-001  7.3273830754524139E-001  7.3273831964423430E-001
  6.3906250000000009E-001  7.3386067416371081E-001  7.3386068642202618E-001
  6.4218750000000002E-001  7.3494973549378739E-001  7.3494974791400947E-001
  6.4531250000000007E-001  7.3600505472625610E-001  7.3600506731103765E-001
  6.4843750000000011E-001  7.3702618837558542E-001  7.3702620112761397E-001
  6.5156250000000016E-001  7.3801268615135518E-001  7.3801269907338629E-001
  6.5468750000000009E-001  7.3896409082746639E-001  7.3896410392230338E-001
  6.5781250000000002E-001  7.3987993810894737E-001  7.3987995137942186E-001
  6.6093750000000007E-001  7.4075975649629444E-001  7.4075976994532255E-001
  6.6406250000000011E-001  7.4160306714765922E-001  7.4160308077821413E-001
  6.6718750000000016E-001  7.4240938373855569E-001  7.4240939755363133E-001
  6.7031250000000009E-001  7.4317821231908499E-001  7.4317822632179720E-001
  6.7343750000000002E-001  7.4390905116909201E-001  7.4390906536260026E-001
  6.7656250000000007E-001  7.4460139065068964E-001  7.4460140503820982E-001
  6.7968750000000011E-001  7.4525471305861857E-001  7.4525472764339129E-001
  6.8281250000000016E-001  7.4586849246813247E-001  7.4586850725348242E-001
  6.8593750000000009E-001  7.4644219458072891E-001  7.4644220957005258E-001
  6.8906250000000002E-001  7.4697527656761253E-001  7.4697529176437039E-001
  6.9218750000000007E-001  7.4746718691084801E-001  7.4746720231857045E-001
  6.9531250000000011E-001  7.4791736524246710E-001  7.4791738086475279E-001
  6.9843750000000016E-001  7.4832524218141760E-001  7.4832525802189898E-001
  7.0156250000000009E-001  7.4869023916838051E-001  7.4869025523078236E-001
  7.0468750000000002E-001  7.4901176829883864E-001  7.4901178458694484E-001
  7.0781250000000007E-001  7.4928923215409471E-001  7.4928924867178981E-001
  7.1093750000000011E-001  7.4952202363072740E-001  7.4952204038189019E-001
  7.1406250000000016E-001  7.4970952576807370E-001  7.4970954275672375E-001
  7.1718750000000009E-001  7.4985111157466455E-001  7.4985112880485394E-001
  7.2031250000000002E-001  7.4994614385287506E-001  7.4994616132879344E-001
  7.2343750000000007E-001  7.4999397502279996E-001  7.4999399274863776E-001
  7.2656250000000011E-001  7.4999394694473587E-001  7.4999396492475712E-001
  7.2968750000000016E-001  7.4994539074110156E-001  7.4994540897967132E-001
  7.3281250000000009E-001  7.4984762661790971E-001  7.4984764511940749E-001
  7.3593750000000002E-001  7.4969996368554614E-001  7.4969998245450442E-001
  7.3906250000000007E-001  7.4950169978012271E-001  7.4950171882105654E-001
  7.4218750000000011E-001  7.4925212128450180E-001  7.4925214060203449E-001
  7.4531250000000016E-001  7.4895050295051346E-001  7.4895052254926175E-001
  7.4843750000000009E-001  7.4859610772169183E-001  7.4859612760644401E-001
  7.5156250000000002E-001  7.4818818655802632E-001  7.4818820673355368E-001
  7.5468750000000007E-001  7.4772597826202469E-001  7.4772599873318601E-001
  7.5781250000000011E-001  7.4720870930760497E-001  7.4720873007929400E-001
  7.6093750000000016E-001  7.4663559367161869E-001  7.4663561474879447E-001
  7.6406250000000009E-001  7.4600583266906129E-001  7.4600585405676179E-001
  7.6718750000000002E-001  7.4531861479246730E-001  7.4531863649571350E-001
  7.7031250000000007E-001  7.4457311555593986E-001  7.4457313757984678E-001
  7.7343750000000011E-001  7.4376849734513550E-001  7.4376851969482882E-001
  7.7656250000000016E-001  7.4290390927343397E-001  7.4290393195405124E-001
  7.7968750000000009E-001  7.4197848704552016E-001  7.4197851006227022E-001
  7.8281250000000002E-001  7.4099135282943063E-001  7.4099137618755317E-001
  7.8593750000000007E-001  7.3994161513787515E-001  7.3994163884256681E-001
  7.8906250000000011E-001  7.3882836871997504E-001  7.3882839277644208E-001
  7.9218750000000016E-001  7.3765069446495113E-001  7.3765071887842637E-001
  7.9531250000000009E-001  7.3640765931887175E-001  7.3640768409452151E-001
  7.9843750000000002E-001  7.3509831621581323E-001  7.3509834135880003E-001
  8.0156250000000007E-001  7.3372170402531023E-001  7.3372172954074477E-001
  8.0468750000000011E-001  7.3227684751740418E-001  7.3227687341036307E-001
  8.0781250000000016E-001  7.3076275734758811E-001  7.3076278362300695E-001
  8.1093750000000009E-001  7.2917843006286742E-001  7.2917845672563164E-001
  8.1406250000000002E-001  7.2752284813177737E-001  7.2752287518672509E-001
  8.1718750000000007E-001  7.2579498000047971E-001  7.2579500745224723E-001
  8.2031250000000011E-001  7.2399378017674088E-001  7.2399380802983471E-001
  8.2343750000000016E-001  7.2211818934521710E-001  7.2211821760396055E-001
  8.2656250000000009E-001  7.2016713451631342E-001  7.2016716318489593E-001
  8.2968750000000002E-001  7.1813952921210067E-001  7.1813955829435838E-001
  8.3281250000000007E-001  7.1603427369163586E-001  7.1603430319120998E-001
  8.3593750000000011E-001  7.1385025522023393E-001  7.1385028514046223E-001
  8.3906250000000016E-001  7.1158634838551826E-001  7.1158637872938924E-001
  8.4218750000000009E-001  7.0924141546446462E-001  7.0924144623464702E-001
  8.4531250000000002E-001  7.0681430684579938E-001  7.0681433804451721E-001
  8.4843750000000007E-001  7.0430386151178581E-001  7.0430389314082087E-001
  8.5156250000000011E-001  7.0170890758457616E-001  7.0170893964512071E-001
  8.5468750000000016E-001  6.9902826294151721E-001  6.9902829543432188E-001
  8.5781250000000009E-001  6.9626073590593041E-001  6.9626076883106847E-001
  8.6093750000000002E-001  6.9340512601749660E-001  6.9340515937437863E-001
  8.6406250000000007E-001  6.9046022488950221E-001  6.9046025867670047E-001
  8.6718750000000011E-001  6.8742481715838177E-001  6.8742485137367582E-001
  8.7031250000000016E-001  6.8429768153276671E-001  6.8429771617307900E-001
  8.7343750000000009E-001  6.8107759194894224E-001  6.8107762701014807E-001
  8.7656250000000002E-001  6.7776331883966678E-001  6.7776335431655288E-001
  8.7968750000000007E-001  6.7435363052435626E-001  6.7435366641056216E-001
  8.8281250000000011E-001  6.7084729472877225E-001  6.7084733101664396E-001
  8.8593750000000016E-001  6.6724308024219581E-001  6.6724311692263660E-001
  8.8906250000000009E-001  6.6353975872137583E-001  6.6353979578317213E-001
  8.9218750000000002E-001  6.5973610664683546E-001  6.5973614407840975E-001
  8.9531250000000007E-001  6.5583090744981110E-001  6.5583094523712104E-001
  8.9843750000000011E-001  6.5182295380641919E-001  6.5182299193355864E-001
  9.0156250000000016E-001  6.4771105011878283E-001  6.4771108856777182E-001
  9.0468750000000009E-001  6.4349401518851779E-001  6.4349405393909564E-001
  9.0781250000000002E-001  6.3917068509284469E-001  6.3917072412245379E-001
  9.1093750000000007E-001  6.3473991627396908E-001  6.3473995555738538E-001
  9.1406250000000011E-001  6.3020058885009089E-001  6.3020062835931479E-001
  9.1718750000000016E-001  6.2555161015846927E-001  6.2555164986266298E-001
  9.2031250000000009E-001  6.2079191853952898E-001  6.2079195840462698E-001
  9.2343750000000002E-001  6.1592048736982408E-001  6.1592052735845226E-001
  9.2656250000000007E-001  6.1093632935281028E-001  6.1093636942402818E-001
  9.2968750000000011E-001  6.0583850107384651E-001  6.0583854118295699E-001
  9.3281250000000016E-001  6.0062610782588621E-001  6.0062614792414715E-001
  9.3593750000000009E-001  5.9529830871027023E-001  5.9529834874481014E-001
  9.3906250000000002E-001  5.8985432201667143E-001  5.8985436193012653E-001
  9.4218750000000007E-001  5.8429343088278762E-001  5.8429347061314207E-001
  9.4531250000000011E-001  5.7861498923394927E-001  5.7861502871434667E-001
  9.4843750000000016E-001  5.7281842799945382E-001  5.7281846715796292E-001
  9.5156250000000009E-001  5.6690326159995963E-001  5.6690330035932424E-001
  9.5468750000000002E-001  5.6086909469707602E-001  5.6086913297458740E-001
  9.5781250000000007E-001  5.5471562919303286E-001  5.5471566690040053E-001
  9.6093750000000011E-001  5.4844267146457959E-001  5.4844270850768106E-001
  9.6406250000000016E-001  5.4205013981020045E-001  5.4205017608901518E-001
  9.6718750000000009E-001  5.3553807208631410E-001  5.3553810749488773E-001
  9.7031250000000002E-001  5.2890663350238698E-001  5.2890666792872898E-001
  9.7343750000000007E-001  5.2215612453954208E-001  5.2215615786562330E-001
  9.7656250000000011E-001  5.1528698895195479E-001  5.1528702105377866E-001
  9.7968750000000016E-001  5.0829982180425093E-001  5.0829985255191001E-001
  9.8281250000000009E-001  5.0119537749175869E-001  5.0119540674966834E-001
  9.8593750000000002E-001  4.9397457768428621E-001  4.9397460531190568E-001
  9.8906250000000007E-001  4.8663851913060308E-001  4.8663854498126569E-001
  9.9218750000000011E-001  4.7918848124474112E-001  4.7918850516754474E-001
  9.9531250000000016E-001  4.7162593340630227E-001  4.7162595524611906E-001
  9.9843750000000009E-001  4.6395254188415513E-001  4.6395256148218100E-001
