 -9.8750000000000004E-001  4.2810568742250998E-001  4.2809061568710061E-001
 -9.6249999999999991E-001  3.5970006473442040E-001  3.5967913947833108E-001
 -9.3750000000000000E-001  2.8706949405144067E-001  2.8704669388478254E-001
 -9.1250000000000009E-001  2.1293050592995455E-001  2.1291114695257501E-001
 -8.8749999999999996E-001  1.4029993524773399E-001  1.4028765312608085E-001
 -8.6250000000000004E-001  7.1894312559043841E-002  7.1889363924424188E-002
 -8.3749999999999991E-001  9.6791198281445633E-003  9.6791065776579890E-003
 -8.1250000000000000E-001 -4.5261352900778574E-002 -4.5259575339500799E-002
 -7.8750000000000009E-001 -9.2590885203102435E-002 -9.2589711635877023E-002
 -7.6249999999999996E-001 -1.3248389136100561E-001 -1.3248446178960857E-001
 -7.3750000000000004E-001 -1.6540388446925069E-001 -1.6540630864753950E-001
 -7.1249999999999991E-001 -1.9194391266813743E-001 -1.9194774768963646E-001
 -6.8750000000000000E-001 -2.1272835867320217E-001 -2.1273301541365525E-001
 -6.6249999999999998E-001 -2.2835961007325234E-001 -2.2836458111521782E-001
 -6.3749999999999996E-001 -2.3939298763892491E-001 -2.3939792360069248E-001
 -6.1250000000000004E-001 -2.4632784425861320E-001 -2.4633254508910007E-001
 -5.8749999999999991E-001 -2.4960720118547963E-001 -2.4961157675166362E-001
 -5.6250000000000000E-001 -2.4962147481699781E-001 -2.4962550440812634E-001
 -5.3749999999999998E-001 -2.4671384735469118E-001 -2.4671754894646469E-001
 -5.1249999999999996E-001 -2.4118600550772060E-001 -2.4118941587460899E-001
 -4.8749999999999999E-001 -2.3330362697276918E-001 -2.3330679028344814E-001
 -4.6249999999999997E-001 -2.2330134871124047E-001 -2.2330431085039615E-001
 -4.3749999999999994E-001 -2.1138713540933754E-001 -2.1138994157898403E-001
 -4.1249999999999992E-001 -1.9774605745207000E-001 -1.9774875094632716E-001
 -3.8749999999999996E-001 -1.8254352851585548E-001 -1.8254615162890708E-001
 -3.6249999999999999E-001 -1.6592806746518451E-001 -1.6593066965679196E-001
 -3.3749999999999997E-001 -1.4803365071878036E-001 -1.4803629338074525E-001
 -3.1249999999999994E-001 -1.2898171665994335E-001 -1.2898444168584472E-001
 -2.8749999999999992E-001 -1.0888287670221317E-001 -1.0888570637514149E-001
 -2.6249999999999996E-001 -8.7838380150661796E-002 -8.7841542886946455E-002
 -2.3749999999999999E-001 -6.5941372920297461E-002 -6.5945435633316452E-002
 -2.1249999999999997E-001 -4.3277983853625260E-002 -4.3282848197865958E-002
 -1.8749999999999994E-001 -1.9928266928580546E-002 -1.9931690193346306E-002
 -1.6249999999999992E-001  4.0329769793641243E-003  4.0339096143012136E-003
 -1.3749999999999996E-001  2.8535478829272754E-002  2.8540198983213916E-002
 -1.1249999999999999E-001  5.3512864274122135E-002  5.3517359527548429E-002
 -8.7499999999999967E-002  7.8902086146006162E-002  7.8904237727505572E-002
 -6.2499999999999944E-002  1.0464291505566839E-001  1.0464412124074315E-001
 -3.7499999999999922E-002  1.3067747769783478E-001  1.3067882773922532E-001
 -1.2499999999999956E-002  1.5694983413769448E-001  1.5695093202673335E-001
  1.2500000000000067E-002  1.8340558640466437E-001  1.8340639817690133E-001
  3.7500000000000089E-002  2.0999151160450230E-001  2.0999230184142503E-001
  6.2500000000000000E-002  2.3665521344273024E-001  2.3665591022036869E-001
  8.7500000000000022E-002  2.6334478655646626E-001  2.6334538925614331E-001
  1.1250000000000004E-001  2.9000848839471061E-001  2.9000906779898089E-001
  1.3750000000000007E-001  3.1659441359456697E-001  3.1659494568088592E-001
  1.6250000000000009E-001  3.4305016586154502E-001  3.4305066399176037E-001
  1.8750000000000011E-001  3.6932252230148899E-001  3.6932300597261603E-001
  2.1250000000000013E-001  3.9535708494371385E-001  3.9535754755809605E-001
  2.3750000000000004E-001  4.2109791385361006E-001  4.2109836612997920E-001
  2.6250000000000007E-001  4.4648713572578114E-001  4.4648758348172013E-001
  2.8750000000000009E-001  4.7146452117146792E-001  4.7146496500606716E-001
  3.1250000000000011E-001  4.9596702303126422E-001  4.9596746961997829E-001
  3.3750000000000013E-001  5.1992826692472516E-001  5.1992871964370291E-001
  3.6250000000000004E-001  5.4327798385116455E-001  5.4327844581235352E-001
  3.8750000000000007E-001  5.6594137291825364E-001  5.6594184910638545E-001
  4.1250000000000009E-001  5.8783838014882783E-001  5.8783887452797878E-001
  4.3750000000000011E-001  6.0888287670048136E-001  6.0888339377174117E-001
  4.6250000000000013E-001  6.2898171665823477E-001  6.2898226187202599E-001
  4.8750000000000004E-001  6.4803365071717822E-001  6.4803422980556946E-001
  5.1250000000000007E-001  6.6592806746371325E-001  6.6592868704597796E-001
  5.3750000000000009E-001  6.8254352851501643E-001  6.8254419639484809E-001
  5.6250000000000011E-001  6.9774605745133123E-001  6.9774678266806345E-001
  5.8750000000000013E-001  7.1138713540873499E-001  7.1138792861925404E-001
  6.1250000000000004E-001  7.2330134871069096E-001  7.2330222260528354E-001
  6.3750000000000007E-001  7.3330362697226281E-001  7.3330459666593761E-001
  6.6250000000000009E-001  7.4118600550723002E-001  7.4118708901437558E-001
  6.8750000000000011E-001  7.4671384735419655E-001  7.4671506607381000E-001
  7.1250000000000013E-001  7.4962147481661268E-001  7.4962285387546812E-001
  7.3750000000000004E-001  7.4960720118502400E-001  7.4960876936557375E-001
  7.6250000000000007E-001  7.4632784425802767E-001  7.4632963289226562E-001
  7.8750000000000009E-001  7.3939298763825723E-001  7.3939502714260152E-001
  8.1250000000000011E-001  7.2835961007239036E-001  7.2836192135185451E-001
  8.3750000000000013E-001  7.1272835867211604E-001  7.1273093370447427E-001
  8.6250000000000004E-001  6.9194391266694311E-001  6.9194667309332292E-001
  8.8750000000000007E-001  6.6540388446848064E-001  6.6540659865000462E-001
  9.1250000000000009E-001  6.3248389136017824E-001  6.3248602558024003E-001
  9.3750000000000011E-001  5.9259088520272729E-001  5.9259139263895244E-001
  9.6250000000000013E-001  5.4526135290491307E-001  5.4525852644415884E-001
  9.8750000000000004E-001  4.9032088015577369E-001  4.9031262408225990E-001
