 -9.9687499999999996E-001  4.5223876955471998E-001  4.5223865470694707E-001
 -9.9062500000000009E-001  4.3625167245799407E-001  4.3625152387458654E-001
 -9.8437500000000000E-001  4.1986180000610940E-001  4.1986161456422350E-001
 -9.7812499999999991E-001  4.0309284086217928E-001  4.0309261572285460E-001
 -9.7187500000000004E-001  3.8597211348432042E-001  3.8597184624810021E-001
 -9.6562499999999996E-001  3.6853054212288344E-001  3.6853023099610277E-001
 -9.5937500000000009E-001  3.5080254762976409E-001  3.5080219159420706E-001
 -9.5312500000000000E-001  3.3282584611774402E-001  3.3282544509476852E-001
 -9.4687499999999991E-001  3.1464115240825408E-001  3.1464070740660383E-001
 -9.4062500000000004E-001  2.9629178993311850E-001  2.9629130317709113E-001
 -9.3437499999999996E-001  2.7782321402347887E-001  2.7782268905296553E-001
 -9.2812500000000009E-001  2.5928246084263623E-001  2.5928190258467620E-001
 -9.2187500000000000E-001  2.4071753913867477E-001  2.4071695394810458E-001
 -9.1562499999999991E-001  2.2217678595787954E-001  2.2217618162297520E-001
 -9.0937500000000004E-001  2.0370821004831646E-001  2.0370759574657143E-001
 -9.0312499999999996E-001  1.8535884757331006E-001  1.8535823375445265E-001
 -8.9687500000000009E-001  1.6717415386397053E-001  1.6717355202408010E-001
 -8.9062500000000000E-001  1.4919745235233967E-001  1.4919687466071610E-001
 -8.8437499999999991E-001  1.3146945785929792E-001  1.3146891660973051E-001
 -8.7812500000000004E-001  1.1402788649794621E-001  1.1402739338595588E-001
 -8.7187499999999996E-001  9.6907159120006442E-002  9.6906724388467175E-002
 -8.6562500000000009E-001  8.0138199975678615E-002  8.0137831519463631E-002
 -8.5937500000000000E-001  6.3748327523153181E-002  6.3748030080732807E-002
 -8.5312499999999991E-001  4.7761230424935470E-002  4.7761004997854704E-002
 -8.4687500000000004E-001  3.2197018886092152E-002  3.2196862506740663E-002
 -8.4062499999999996E-001  1.7072339673922819E-002  1.7072245584538043E-002
 -8.3437500000000009E-001  2.4005423253320424E-003  2.4005005625930718E-003
 -8.2812500000000000E-001 -1.1808115983347274E-002 -1.1808117613535530E-002
 -8.2187499999999991E-001 -2.5546238522104137E-002 -2.5546213298438866E-002
 -8.1562500000000004E-001 -3.8809040702244363E-002 -3.8809001860615186E-002
 -8.0937499999999996E-001 -5.1594094672254974E-002 -5.1594054337435857E-002
 -8.0312500000000009E-001 -6.3901074204087444E-002 -6.3901042573197508E-002
 -7.9687500000000000E-001 -7.5731505947936151E-002 -7.5731490798982129E-002
 -7.9062499999999991E-001 -8.7088531615216472E-002 -8.7088538140393926E-002
 -7.8437500000000004E-001 -9.7976684311097836E-002 -9.7976715233533671E-002
 -7.7812499999999996E-001 -1.0840168111594223E-001 -1.0840173701659450E-001
 -7.7187500000000009E-001 -1.1837023307910582E-001 -1.1837031284758402E-001
 -7.6562500000000000E-001 -1.2788987303995289E-001 -1.2788997436693039E-001
 -7.5937499999999991E-001 -1.3696880111254428E-001 -1.3696892095835866E-001
 -7.5312500000000004E-001 -1.4561574724498844E-001 -1.4561588224053251E-001
 -7.4687499999999996E-001 -1.5383984996474059E-001 -1.5383999672319709E-001
 -7.4062499999999998E-001 -1.6165055022850169E-001 -1.6165070556400185E-001
 -7.3437500000000000E-001 -1.6905749918400953E-001 -1.6905766024609298E-001
 -7.2812499999999991E-001 -1.7607047860595135E-001 -1.7607064294501171E-001
 -7.2187500000000004E-001 -1.8269933276836975E-001 -1.8269949835068061E-001
 -7.1562499999999996E-001 -1.8895391055531430E-001 -1.8895407574362666E-001
 -7.0937499999999998E-001 -1.9484401666853685E-001 -1.9484418018284616E-001
 -7.0312500000000000E-001 -2.0037937086811575E-001 -2.0037953173702663E-001
 -6.9687499999999991E-001 -2.0556957426402539E-001 -2.0556973177436180E-001
 -6.9062500000000004E-001 -2.1042408176428457E-001 -2.1042423541332025E-001
 -6.8437499999999996E-001 -2.1495217987107748E-001 -2.1495232932399969E-001
 -6.7812499999999998E-001 -2.1916296910056171E-001 -2.1916311415409165E-001
 -6.7187500000000000E-001 -2.2306535038123565E-001 -2.2306549093344910E-001
 -6.6562499999999991E-001 -2.2666801485981228E-001 -2.2666815088569295E-001
 -6.5937500000000004E-001 -2.2997943661168538E-001 -2.2997956814367662E-001
 -6.5312499999999996E-001 -2.3300786781501229E-001 -2.3300799492770521E-001
 -6.4687499999999998E-001 -2.3576133600322299E-001 -2.3576145880148899E-001
 -6.4062500000000000E-001 -2.3824764306099705E-001 -2.3824776167083322E-001
 -6.3437499999999991E-001 -2.4047436567315172E-001 -2.4047448023469140E-001
 -6.2812500000000004E-001 -2.4244885697540658E-001 -2.4244896763759161E-001
 -6.2187499999999996E-001 -2.4417824919066294E-001 -2.4417835610723174E-001
 -6.1562499999999998E-001 -2.4566945706504784E-001 -2.4566956039153115E-001
 -6.0937500000000000E-001 -2.4692918194454833E-001 -2.4692928183606996E-001
 -6.0312499999999991E-001 -2.4796391635658546E-001 -2.4796401296616680E-001
 -5.9687500000000004E-001 -2.4877994898058137E-001 -2.4878004245803009E-001
 -5.9062499999999996E-001 -2.4938336990991633E-001 -2.4938346040098613E-001
 -5.8437499999999998E-001 -2.4978007612220471E-001 -2.4978016376801085E-001
 -5.7812500000000000E-001 -2.4997577708816185E-001 -2.4997586202487199E-001
 -5.7187499999999991E-001 -2.4997600046089280E-001 -2.4997608281948436E-001
 -5.6562500000000004E-001 -2.4978609779665001E-001 -2.4978617770290110E-001
 -5.5937499999999996E-001 -2.4941125026713323E-001 -2.4941132784157863E-001
 -5.5312499999999998E-001 -2.4885647432979222E-001 -2.4885654968782381E-001
 -5.4687500000000000E-001 -2.4812662732938565E-001 -2.4812670058136665E-001
 -5.4062499999999991E-001 -2.4722641300881709E-001 -2.4722648426027055E-001
 -5.3437500000000004E-001 -2.4616038691203390E-001 -2.4616045626381131E-001
 -5.2812499999999996E-001 -2.4493296166520501E-001 -2.4493302921369375E-001
 -5.2187499999999998E-001 -2.4354841212592659E-001 -2.4354847796325377E-001
 -5.1562500000000000E-001 -2.4201088039260818E-001 -2.4201094460689901E-001
 -5.0937499999999991E-001 -2.4032438066878781E-001 -2.4032444334434483E-001
 -5.0312500000000004E-001 -2.3849280397855621E-001 -2.3849286519612578E-001
 -4.9687500000000001E-001 -2.3651992273145236E-001 -2.3651998256841594E-001
 -4.9062499999999998E-001 -2.3440939513587891E-001 -2.3440945366651059E-001
 -4.8437499999999994E-001 -2.3216476946178638E-001 -2.3216482675742228E-001
 -4.7812499999999997E-001 -2.2978948815365358E-001 -2.2978954428294734E-001
 -4.7187499999999999E-001 -2.2728689179613482E-001 -2.2728694682524286E-001
 -4.6562500000000001E-001 -2.2466022293475205E-001 -2.2466027692755655E-001
 -4.5937499999999998E-001 -2.2191262975490467E-001 -2.2191268277321796E-001
 -4.5312499999999994E-001 -2.1904716962259729E-001 -2.1904722172635047E-001
 -4.4687499999999997E-001 -2.1606681249055726E-001 -2.1606686373801079E-001
 -4.4062499999999999E-001 -2.1297444417377742E-001 -2.1297449462171003E-001
 -4.3437500000000001E-001 -2.0977286949842905E-001 -2.0977291920234770E-001
 -4.2812499999999998E-001 -2.0646481532838917E-001 -2.0646486434273029E-001
 -4.2187499999999994E-001 -2.0305293347351827E-001 -2.0305298185183487E-001
 -4.1562499999999997E-001 -1.9953980348383182E-001 -1.9953985127904106E-001
 -4.0937499999999999E-001 -1.9592793533391528E-001 -1.9592798259847924E-001
 -4.0312499999999996E-001 -1.9221977200148577E-001 -1.9221981878765015E-001
 -3.9687499999999992E-001 -1.8841769194431021E-001 -1.8841773830434255E-001
 -3.9062499999999994E-001 -1.8452401147942404E-001 -1.8452405746588035E-001
 -3.8437499999999997E-001 -1.8054098706857369E-001 -1.8054103273455255E-001
 -3.7812499999999999E-001 -1.7647081751358251E-001 -1.7647086291302930E-001
 -3.7187499999999996E-001 -1.7231564606542860E-001 -1.7231569125346391E-001
 -3.6562499999999992E-001 -1.6807756245056404E-001 -1.6807760748383874E-001
 -3.5937499999999994E-001 -1.6375860481785678E-001 -1.6375864975500659E-001
 -3.5312499999999997E-001 -1.5936076160983992E-001 -1.5936080651177922E-001
 -3.4687499999999999E-001 -1.5488597336068566E-001 -1.5488601829129209E-001
 -3.4062499999999996E-001 -1.5033613442507066E-001 -1.5033617945171532E-001
 -3.3437499999999992E-001 -1.4571309464010790E-001 -1.4571313983434830E-001
 -3.2812499999999994E-001 -1.4101866092355975E-001 -1.4101870636192365E-001
 -3.2187499999999997E-001 -1.3625459881096735E-001 -1.3625464457591432E-001
 -3.1562499999999999E-001 -1.3142263393445600E-001 -1.3142268011547961E-001
 -3.0937499999999996E-001 -1.2652445344561686E-001 -1.2652450014061029E-001
 -3.0312499999999992E-001 -1.2156170738503647E-001 -1.2156175470189189E-001
 -2.9687499999999994E-001 -1.1653601000068822E-001 -1.1653605805925815E-001
 -2.9062499999999997E-001 -1.1144894101744721E-001 -1.1144898995200360E-001
 -2.8437499999999999E-001 -1.0630204685992790E-001 -1.0630209682223137E-001
 -2.7812499999999996E-001 -1.0109684183061841E-001 -1.0109689299368861E-001
 -2.7187499999999992E-001 -9.5834809245273905E-002 -9.5834861807990321E-002
 -2.6562499999999994E-001 -9.0517402527478738E-002 -9.0517456720920639E-002
 -2.5937499999999997E-001 -8.5146046264136827E-002 -8.5146102360956752E-002
 -2.5312499999999999E-001 -7.9722137223631417E-002 -7.9722195548794256E-002
 -2.4687499999999996E-001 -7.4247045338197842E-002 -7.4247106277965810E-002
 -2.4062499999999992E-001 -6.8722114652275484E-002 -6.8722178672401726E-002
 -2.3437499999999994E-001 -6.3148664238120239E-002 -6.3148731938515529E-002
 -2.2812499999999997E-001 -5.7527989080175562E-002 -5.7528061261924335E-002
 -2.2187499999999999E-001 -5.1861360929755893E-002 -5.1861438552024568E-002
 -2.1562499999999996E-001 -4.6150029130967218E-002 -4.6150113195902641E-002
 -2.0937499999999992E-001 -4.0395221419544158E-002 -4.0395313411565457E-002
 -2.0312499999999994E-001 -3.4598144695481996E-002 -3.4598248206933108E-002
 -1.9687499999999997E-001 -2.8759985770839713E-002 -2.8760107678283943E-002
 -1.9062499999999999E-001 -2.2881912093683378E-002 -2.2882058443958887E-002
 -1.8437499999999996E-001 -1.6965072449204928E-002 -1.6965236378562794E-002
 -1.7812499999999992E-001 -1.1010597639356783E-002 -1.1010747650610790E-002
 -1.7187499999999994E-001 -5.0196011432273573E-003 -5.0196870609419851E-003
 -1.6562499999999997E-001  1.0068202799177295E-003  1.0068373753472520E-003
 -1.5937499999999999E-001  7.0675858509061272E-003  7.0677015820886594E-003
 -1.5312499999999996E-001  1.3161630342440677E-002  1.3161795864664773E-002
 -1.4687499999999992E-001  1.9287903376386285E-002  1.9288060643997601E-002
 -1.4062499999999994E-001  2.5445368887343355E-002  2.5445488311723143E-002
 -1.3437499999999997E-001  3.1633004572485454E-002  3.1633090657266098E-002
 -1.2812499999999999E-001  3.7849801353814327E-002  3.7849870541237035E-002
 -1.2187499999999996E-001  4.4094762855772837E-002  4.4094824192497717E-002
 -1.1562499999999992E-001  5.0366904896533615E-002  5.0366959267326226E-002
 -1.0937499999999994E-001  5.6665254992330244E-002  5.6665302419720773E-002
 -1.0312499999999997E-001  6.2988851874429166E-002  6.2988893971502716E-002
 -9.6874999999999989E-002  6.9336745017734028E-002  6.9336783184460724E-002
 -9.0624999999999956E-002  7.5707994181031302E-002  7.5708028929523677E-002
 -8.4374999999999922E-002  8.2101668957666935E-002  8.2101700682600809E-002
 -7.8124999999999944E-002  8.8516848336553294E-002  8.8516877545696773E-002
 -7.1874999999999967E-002  9.4952620273034222E-002  9.4952647334034121E-002
 -6.5624999999999989E-002  1.0140808126856976E-001  1.0140810642389991E-001
 -5.9374999999999956E-002  1.0788233595956170E-001  1.0788235944448600E-001
 -5.3124999999999922E-002  1.1437449671420136E-001  1.1437451873596635E-001
 -4.6874999999999944E-002  1.2088368323721843E-001  1.2088370395450586E-001
 -4.0624999999999967E-002  1.2740902218202371E-001  1.2740904173369857E-001
 -3.4374999999999989E-002  1.3394964676949070E-001  1.3394966528031799E-001
 -2.8124999999999956E-002  1.4050469641400021E-001  1.4050471398827916E-001
 -2.1874999999999922E-002  1.4707331635485321E-001  1.4707333308355264E-001
 -1.5624999999999944E-002  1.5365465729388672E-001  1.5365467325842894E-001
 -9.3749999999999667E-003  1.6024787503829119E-001  1.6024789030965583E-001
 -3.1249999999999889E-003  1.6685213014845612E-001  1.6685214478951882E-001
  3.1250000000000444E-003  1.7346658759076122E-001  1.7346660165785413E-001
  9.3750000000000222E-003  1.8009041639393444E-001  1.8009042993729585E-001
  1.5625000000000000E-002  1.8672278931015715E-001  1.8672280237483743E-001
  2.1875000000000089E-002  1.9336288247925326E-001  1.9336289510602339E-001
  2.8125000000000067E-002  2.0000987509640292E-001  2.0000988732207545E-001
  3.4375000000000044E-002  2.0666294908270277E-001  2.0666296094067124E-001
  4.0625000000000022E-002  2.1332128875831421E-001  2.1332130027904000E-001
  4.6875000000000000E-002  2.1998408051804480E-001  2.1998409172930217E-001
  5.3125000000000089E-002  2.2665051250874907E-001  2.2665052343598735E-001
  5.9375000000000067E-002  2.3331977430854378E-001  2.3331978497514519E-001
  6.5625000000000044E-002  2.3999105660732914E-001  2.3999106703481329E-001
  7.1875000000000022E-002  2.4666355088837555E-001  2.4666356109660625E-001
  7.8125000000000000E-002  2.5333644911081488E-001  2.5333645911803215E-001
  8.4375000000000089E-002  2.6000894339186564E-001  2.6000895321526585E-001
  9.0625000000000067E-002  2.6668022569064792E-001  2.6668023534610258E-001
  9.6875000000000044E-002  2.7334948749045107E-001  2.7334949699273581E-001
  1.0312500000000002E-001  2.8001591948115057E-001  2.8001592884408166E-001
  1.0937500000000000E-001  2.8667871124088462E-001  2.8667872047737608E-001
  1.1562500000000009E-001  2.9333705091650775E-001  2.9333706003869037E-001
  1.2187500000000007E-001  2.9999012490281196E-001  2.9999013392208351E-001
  1.2812500000000004E-001  3.0663711751997680E-001  3.0663712644707997E-001
  1.3437500000000002E-001  3.1327721068907388E-001  3.1327721953416665E-001
  1.4062500000000000E-001  3.1990958360530308E-001  3.1990959237797850E-001
  1.4687500000000009E-001  3.2653341240848732E-001  3.2653342111786754E-001
  1.5312500000000007E-001  3.3314786985078948E-001  3.3314787850554017E-001
  1.5937500000000004E-001  3.3975212496095042E-001  3.3975213356939321E-001
  1.6562500000000002E-001  3.4634534270536943E-001  3.4634535127528715E-001
  1.7187500000000000E-001  3.5292668364441759E-001  3.5292669218333961E-001
  1.7812500000000009E-001  3.5949530358529902E-001  3.5949531210043933E-001
  1.8437500000000007E-001  3.6605035322982205E-001  3.6605036172813327E-001
  1.9062500000000004E-001  3.7259097781731809E-001  3.7259098630547366E-001
  1.9687500000000013E-001  3.7911631676208191E-001  3.7911632524653044E-001
  2.0312500000000011E-001  3.8562550328511302E-001  3.8562551177211513E-001
  2.0937500000000009E-001  3.9211766403978737E-001  3.9211767253538066E-001
  2.1562500000000007E-001  3.9859191873081956E-001  3.9859192724088049E-001
  2.2187500000000004E-001  4.0504737972639815E-001  4.0504738825665021E-001
  2.2812500000000013E-001  4.1148315166292837E-001  4.1148316021895559E-001
  2.3437500000000011E-001  4.1789833104191493E-001  4.1789833962918116E-001
  2.4062500000000009E-001  4.2429200581860788E-001  4.2429201444248188E-001
  2.4687500000000007E-001  4.3066325498198632E-001  4.3066326364771773E-001
  2.5312500000000004E-001  4.3701114812536457E-001  4.3701115683815517E-001
  2.5937500000000013E-001  4.4333474500753045E-001  4.4333475377248288E-001
  2.6562500000000011E-001  4.4963309510343435E-001  4.4963310392562789E-001
  2.7187500000000009E-001  4.5590523714436215E-001  4.5590524602878318E-001
  2.7812500000000007E-001  4.6215019864653106E-001  4.6215020759817371E-001
  2.8437500000000004E-001  4.6836699542812327E-001  4.6836700445194468E-001
  2.9062500000000013E-001  4.7455463111361701E-001  4.7455464021457494E-001
  2.9687500000000011E-001  4.8071209662523090E-001  4.8071210580822266E-001
  3.0312500000000009E-001  4.8683836966037231E-001  4.8683837893034060E-001
  3.0937500000000007E-001  4.9293241415501154E-001  4.9293242351692484E-001
  3.1562500000000004E-001  4.9899317973184065E-001  4.9899318919064695E-001
  3.2187500000000013E-001  5.0501960113239075E-001  5.0501961069325518E-001
  3.2812500000000011E-001  5.1101059763348500E-001  5.1101060730132775E-001
  3.3437500000000009E-001  5.1696507244488910E-001  5.1696508222480253E-001
  3.4062500000000007E-001  5.2288191209015267E-001  5.2288192198726036E-001
  3.4687500000000004E-001  5.2875998576777017E-001  5.2875999578729294E-001
  3.5312500000000013E-001  5.3459814469271028E-001  5.3459815483993045E-001
  3.5937500000000011E-001  5.4039522141698604E-001  5.4039523169729065E-001
  3.6562500000000009E-001  5.4615002912858479E-001  5.4615003954743035E-001
  3.7187500000000007E-001  5.5186136092747762E-001  5.5186137149045589E-001
  3.7812500000000004E-001  5.5752798907801160E-001  5.5752799979076573E-001
  3.8437500000000013E-001  5.6314866423602017E-001  5.6314867510436484E-001
  3.9062500000000011E-001  5.6872211465024836E-001  5.6872212568010050E-001
  3.9687500000000009E-001  5.7424704533622184E-001  5.7424705653364738E-001
  4.0312500000000007E-001  5.7972213722170540E-001  5.7972214859291016E-001
  4.0937500000000004E-001  5.8514604626227518E-001  5.8514605781362128E-001
  4.1562500000000013E-001  5.9051740252565599E-001  5.9051741426368121E-001
  4.2187500000000011E-001  5.9583480924347454E-001  5.9583482117491171E-001
  4.2812500000000009E-001  6.0109684182884049E-001  6.0109685396058821E-001
  4.3437500000000007E-001  6.0630204685819300E-001  6.0630205919733293E-001
  4.4062500000000004E-001  6.1144894101571046E-001  6.1144895356960316E-001
  4.4687500000000013E-001  6.1653600999897928E-001  6.1653602277514030E-001
  4.5312500000000011E-001  6.2156170738334504E-001  6.2156172038956947E-001
  4.5937500000000009E-001  6.2652445344394492E-001  6.2652446668825756E-001
  4.6562500000000007E-001  6.3142263393279385E-001  6.3142264742350240E-001
  4.7187500000000004E-001  6.3625459880931545E-001  6.3625461255500171E-001
  4.7812500000000013E-001  6.4101866092193638E-001  6.4101867493145004E-001
  4.8437500000000011E-001  6.4571309463851945E-001  6.4571310892104439E-001
  4.9062500000000009E-001  6.5033613442351212E-001  6.5033614898856129E-001
  4.9687500000000007E-001  6.5488597335913934E-001  6.5488598821658428E-001
  5.0312500000000004E-001  6.5936076160831780E-001  6.5936077676836669E-001
  5.0937500000000013E-001  6.6375860481638282E-001  6.6375862028961152E-001
  5.1562500000000011E-001  6.6807756244963479E-001  6.6807757824648939E-001
  5.2187500000000009E-001  6.7231564606451966E-001  6.7231566219699290E-001
  5.2812500000000007E-001  6.7647081751272964E-001  6.7647083399263974E-001
  5.3437500000000004E-001  6.8054098706772903E-001  6.8054100390745786E-001
  5.4062500000000013E-001  6.8452401147859532E-001  6.8452402869093953E-001
  5.4687500000000011E-001  6.8841769194353297E-001  6.8841770954178250E-001
  5.5312500000000009E-001  6.9221977200072482E-001  6.9221978999878897E-001
  5.5937500000000007E-001  6.9592793533315744E-001  6.9592795374546634E-001
  5.6562500000000004E-001  6.9953980348313971E-001  6.9953982232464551E-001
  5.7187500000000013E-001  7.0305293347284503E-001  7.0305295275924284E-001
  5.7812500000000011E-001  7.0646481532773420E-001  7.0646483507532820E-001
  5.8437500000000009E-001  7.0977286949780782E-001  7.0977288972354857E-001
  5.9062500000000007E-001  7.1297444417315670E-001  7.1297446489478244E-001
  5.9687500000000004E-001  7.1606681248997450E-001  7.1606683372589441E-001
  6.0312500000000013E-001  7.1904716962204995E-001  7.1904719139149487E-001
  6.0937500000000011E-001  7.2191262975436388E-001  7.2191265207742605E-001
  6.1562500000000009E-001  7.2466022293421406E-001  7.2466024583180932E-001
  6.2187500000000007E-001  7.2728689179561234E-001  7.2728691528955236E-001
  6.2812500000000004E-001  7.2978948815316524E-001  7.2978951226618827E-001
  6.3437500000000013E-001  7.3216476946129738E-001  7.3216479421717329E-001
  6.4062500000000011E-001  7.3440939513542347E-001  7.3440942055889002E-001
  6.4687500000000009E-001  7.3651992273095268E-001  7.3651994884789618E-001
  6.5312500000000007E-001  7.3849280397805206E-001  7.3849283081536932E-001
  6.5937500000000004E-001  7.4032438066828588E-001  7.4032440825403634E-001
  6.6562500000000013E-001  7.4201088039210772E-001  7.4201090875556208E-001
  6.7187500000000011E-001  7.4354841212544498E-001  7.4354844129705944E-001
  6.7812500000000009E-001  7.4493296166471357E-001  7.4493299167627047E-001
  6.8437500000000007E-001  7.4616038691155362E-001  7.4616041779605813E-001
  6.9062500000000004E-001  7.4722641300834902E-001  7.4722644480016109E-001
  6.9687500000000013E-001  7.4812662732892976E-001  7.4812666006375306E-001
  7.0312500000000011E-001  7.4885647432936520E-001  7.4885650804426029E-001
  7.0937500000000009E-001  7.4941125026673805E-001  7.4941128500013099E-001
  7.1562500000000007E-001  7.4978609779627137E-001  7.4978613358797053E-001
  7.2187500000000004E-001  7.4997600046053314E-001  7.4997603735168006E-001
  7.2812500000000013E-001  7.4997577708778529E-001  7.4997581512088196E-001
  7.3437500000000011E-001  7.4978007612175013E-001  7.4978011534052880E-001
  7.4062500000000009E-001  7.4938336990941501E-001  7.4938341035871381E-001
  7.4687500000000007E-001  7.4877994898002809E-001  7.4877999070574208E-001
  7.5312500000000004E-001  7.4796391635602477E-001  7.4796395940491156E-001
  7.5937500000000013E-001  7.4692918194395941E-001  7.4692922636351178E-001
  7.6562500000000011E-001  7.4566945706442911E-001  7.4566950290254275E-001
  7.7187500000000009E-001  7.4417824919003739E-001  7.4417829649470946E-001
  7.7812500000000007E-001  7.4244885697476570E-001  7.4244890579368694E-001
  7.8437500000000004E-001  7.4047436567249159E-001  7.4047441605254349E-001
  7.9062500000000013E-001  7.3824764306031665E-001  7.3824769504695642E-001
  7.9687500000000011E-001  7.3576133600248506E-001  7.3576138963902293E-001
  8.0312500000000009E-001  7.3300786781422222E-001  7.3300792314082341E-001
  8.0937500000000007E-001  7.2997943661085818E-001  7.2997949366348447E-001
  8.1562500000000004E-001  7.2666801485892529E-001  7.2666807366803843E-001
  8.2187500000000013E-001  7.2306535038031772E-001  7.2306541096921439E-001
  8.2812500000000011E-001  7.1916296909955379E-001  7.1916303148258631E-001
  8.3437500000000009E-001  7.1495217986995852E-001  7.1495224405012892E-001
  8.4062500000000007E-001  7.1042408176319172E-001  7.1042414772937978E-001
  8.4687500000000004E-001  7.0556957426290490E-001  7.0556964198698824E-001
  8.5312500000000013E-001  7.0037937086701152E-001  7.0037944029980226E-001
  8.5937500000000011E-001  6.9484401666735707E-001  6.9484408773447115E-001
  8.6562500000000009E-001  6.8895391055411359E-001  6.8895398315043244E-001
  8.7187500000000007E-001  6.8269933276713080E-001  6.8269940675103591E-001
  8.7812500000000004E-001  6.7607047860468983E-001  6.7607055379088121E-001
  8.8437500000000013E-001  6.6905749918271629E-001  6.6905757533416188E-001
  8.9062500000000011E-001  6.6165055022777697E-001  6.6165062704566757E-001
  8.9687500000000009E-001  6.5383984996396427E-001  6.5383992707914995E-001
  9.0312500000000007E-001  6.4561574724418858E-001  6.4561582420299002E-001
  9.0937500000000004E-001  6.3696880111172893E-001  6.3696887736316410E-001
  9.1562500000000013E-001  6.2788987303911237E-001  6.2788994791985819E-001
  9.2187500000000011E-001  6.1837023307835604E-001  6.1837030579624419E-001
  9.2812500000000009E-001  6.0840168111526083E-001  6.0840175073178904E-001
  9.3437500000000007E-001  5.9797668431058870E-001  5.9797674972218640E-001
  9.4062500000000004E-001  5.8708853161502983E-001  5.8708859153410331E-001
  9.4687500000000013E-001  5.7573150594825828E-001  5.7573155888460437E-001
  9.5312500000000011E-001  5.6390107420529256E-001  5.6390111844859692E-001
  9.5937500000000009E-001  5.5159409467500953E-001  5.5159412828046817E-001
  9.6562500000000007E-001  5.3880904070845370E-001  5.3880906148670471E-001
  9.7187500000000004E-001  5.2554623853578453E-001  5.2554624404962658E-001
  9.7812500000000013E-001  5.1180811600133835E-001  5.1180810357180906E-001
  9.8437500000000011E-001  4.9759945767142094E-001  4.9759942439638488E-001
  9.9062500000000009E-001  4.8292766030344059E-001  4.8292760308981131E-001
  9.9687500000000007E-001  4.6780298109265522E-001  4.6780289670927089E-001
