 -9.9843749999999998E-001 -2.4306676303393361E-005  2.3874675743002094E-005
 -9.9531250000000004E-001 -2.2101699733891516E-004  2.1103211843936982E-004
 -9.9218750000000000E-001 -6.2165408500353255E-004  5.7594398633528405E-004
 -9.8906249999999996E-001 -1.2341385988282993E-003  1.1095345996254727E-003
 -9.8593750000000002E-001 -2.0668242644488149E-003  1.8034203740011007E-003
 -9.8281249999999998E-001 -3.1285285399378013E-003  2.6498392587097335E-003
 -9.7968750000000004E-001 -4.4285657767693292E-003  3.6415890272903763E-003
 -9.7656250000000000E-001 -5.9767830787099824E-003  4.7719730827508744E-003
 -9.7343749999999996E-001 -7.7835990719923726E-003  6.0347526593422700E-003
 -9.7031250000000002E-001 -9.8600458078916195E-003  7.4241044917043447E-003
 -9.6718749999999998E-001 -1.2217814022914799E-002  8.9345832026720366E-003
 -9.6406250000000004E-001 -1.4869301980522755E-002  1.0561087854652066E-002
 -9.6093750000000000E-001 -1.7827668109116193E-002  1.2298832314711690E-002
 -9.5781249999999996E-001 -2.1106887630736974E-002  1.4143319244188468E-002
 -9.5468750000000002E-001 -2.4721813339100382E-002  1.6090317516415372E-002
 -9.5156249999999998E-001 -2.8688240628263292E-002  1.8135842569727528E-002
 -9.4843750000000004E-001 -3.3022976786410210E-002  2.0276138680165756E-002
 -9.4531250000000000E-001 -3.7743914442283741E-002  2.2507661805752841E-002
 -9.4218749999999996E-001 -4.2870108870128140E-002  2.4827062124075070E-002
 -9.3906250000000002E-001 -4.8421858605146431E-002  2.7231166797290794E-002
 -9.3593749999999998E-001 -5.4420788469567161E-002  2.9716964867845107E-002
 -9.3281250000000004E-001 -6.0889933627273227E-002  3.2281595907470630E-002
 -9.2968750000000000E-001 -6.7853822632213401E-002  3.4922341797106904E-002
 -9.2656249999999996E-001 -7.5338556555760217E-002  3.7636618983107578E-002
 -9.2343750000000002E-001 -8.3371880101098889E-002  4.0421969317718957E-002
 -9.2031249999999998E-001 -9.1983239054769544E-002  4.3276050422889879E-002
 -9.1718750000000004E-001 -1.0120381637061804E-001  4.6196627687608752E-002
 -9.1406250000000000E-001 -1.1106653650603612E-001  4.9181568088029530E-002
 -9.1093749999999996E-001 -1.2160602418021774E-001  5.2228834251279527E-002
 -9.0781250000000002E-001 -1.3285849934016486E-001  5.5336478188991269E-002
 -9.0468749999999998E-001 -1.4486158465066090E-001  5.8502635623638055E-002
 -9.0156250000000004E-001 -1.5765399517369577E-001  6.1725521219896162E-002
 -8.9843750000000000E-001 -1.7127507210191686E-001  6.5003424036367427E-002
 -8.9531249999999996E-001 -1.8576411374582466E-001  6.8334703056979321E-002
 -8.9218750000000002E-001 -2.0115944819014767E-001  7.1717783197273371E-002
 -8.8906249999999998E-001 -2.1749718461562706E-001  7.5151151681709327E-002
 -8.8593750000000004E-001 -2.3480957683839365E-001  7.8633354546374032E-002
 -8.8281250000000000E-001 -2.5312293729668289E-001  8.2162993396667952E-002
 -8.7968749999999996E-001 -2.7245505849892304E-001  8.5738722448053750E-002
 -8.7656250000000002E-001 -2.9281213951330742E-001  8.9359245715983679E-002
 -8.7343749999999998E-001 -3.1418528559891729E-001  9.3023314388059081E-002
 -8.7031250000000004E-001 -3.3654675530395084E-001  9.6729724395480415E-002
 -8.6718750000000000E-001 -3.5984626925473578E-001  1.0047731411854140E-001
 -8.6406249999999996E-001 -3.8400785141018012E-001  1.0426496223840191E-001
 -8.6093750000000002E-001 -4.0892780827495451E-001  1.0809158573287825E-001
 -8.5781249999999998E-001 -4.3447450467288545E-001  1.1195613798482117E-001
 -8.5468750000000004E-001 -4.6049049937109632E-001  1.1585760700916613E-001
 -8.5156250000000000E-001 -4.8679731767024875E-001  1.1979501378755276E-001
 -8.4843749999999996E-001 -5.1320268191753105E-001  1.2376741069715068E-001
 -8.4531250000000002E-001 -5.3950950023435285E-001  1.2777388003421974E-001
 -8.4218749999999998E-001 -5.6552549496692062E-001  1.3181353262110276E-001
 -8.3906250000000004E-001 -5.9107219141163791E-001  1.3588550649195100E-001
 -8.3593750000000000E-001 -6.1599214833079396E-001  1.3998896565312013E-001
 -8.3281249999999996E-001 -6.4015373054381963E-001  1.4412309891100242E-001
 -8.2968750000000002E-001 -6.6345324455151056E-001  1.4828711876459466E-001
 -8.2656249999999998E-001 -6.8581471431027796E-001  1.5248026035751763E-001
 -8.2343750000000004E-001 -7.0718786044432380E-001  1.5670178048577746E-001
 -8.2031250000000000E-001 -7.2754494150118831E-001  1.6095095665797898E-001
 -8.1718749999999996E-001 -7.4687706273967591E-001  1.6522708620411231E-001
 -8.1406250000000002E-001 -7.6519042322812614E-001  1.6952948543029289E-001
 -8.1093749999999998E-001 -7.8250281547587819E-001  1.7385748881626178E-001
 -8.0781250000000004E-001 -7.9884055192173009E-001  1.7821044825311572E-001
 -8.0468750000000000E-001 -8.1423588638263289E-001  1.8258773231880815E-001
 -8.0156249999999996E-001 -8.2872492804000397E-001  1.8698872558902263E-001
 -7.9843750000000002E-001 -8.4234600497905876E-001  1.9141282798140097E-001
 -7.9531249999999998E-001 -8.5513841551116121E-001  1.9585945413102740E-001
 -7.9218750000000004E-001 -8.6714150082914787E-001  2.0032803279540390E-001
 -7.8906250000000000E-001 -8.7839397599578661E-001  2.0481800628710817E-001
 -7.8593749999999996E-001 -8.8893346367587189E-001  2.0932882993261945E-001
 -7.8281250000000002E-001 -8.9879618381659676E-001  2.1385997155571129E-001
 -7.7968749999999998E-001 -9.0801676113756447E-001  2.1841091098404308E-001
 -7.7656250000000004E-001 -9.1662812009646100E-001  2.2298113957769361E-001
 -7.7343750000000000E-001 -9.2466144364717895E-001  2.2757015977829842E-001
 -7.7031249999999996E-001 -9.3214617757654439E-001  2.3217748467773747E-001
 -7.6718750000000002E-001 -9.3911006658782614E-001  2.3680263760521816E-001
 -7.6406249999999998E-001 -9.4557921175222925E-001  2.4144515173182216E-001
 -7.6093750000000004E-001 -9.5157814162379628E-001  2.4610456969149105E-001
 -7.5781250000000000E-001 -9.5712989136618021E-001  2.5078044321761389E-001
 -7.5468749999999996E-001 -9.6225608580135025E-001  2.5547233279434622E-001
 -7.5156250000000002E-001 -9.6697702346377679E-001  2.6017980732190832E-001
 -7.4843749999999998E-001 -9.7131175962680305E-001  2.6490244379508343E-001
 -7.4531249999999993E-001 -9.7527818691782064E-001  2.6963982699424477E-001
 -7.4218750000000000E-001 -9.7889311262363610E-001  2.7439154918824665E-001
 -7.3906249999999996E-001 -9.8217233213712896E-001  2.7915720984859699E-001
 -7.3593750000000002E-001 -9.8513069825144228E-001  2.8393641537423348E-001
 -7.3281249999999998E-001 -9.8778218618882918E-001  2.8872877882646708E-001
 -7.2968749999999993E-001 -9.9013995437877345E-001  2.9353391967350151E-001
 -7.2656250000000000E-001 -9.9221640108643583E-001  2.9835146354404068E-001
 -7.2343749999999996E-001 -9.9402321705030905E-001  3.0318104198957585E-001
 -7.2031250000000002E-001 -9.9557143432361250E-001  3.0802229225481281E-001
 -7.1718749999999998E-001 -9.9687147153414379E-001  3.1287485705593737E-001
 -7.1406249999999993E-001 -9.9793317578682994E-001  3.1773838436623286E-001
 -7.1093750000000000E-001 -9.9876586143385193E-001  3.2261252720870698E-001
 -7.0781249999999996E-001 -9.9937834593363684E-001  3.2749694345540759E-001
 -7.0468750000000002E-001 -9.9977898301188040E-001  3.3239129563302777E-001
 -7.0156249999999998E-001 -9.9997569332815572E-001  3.3729525073451017E-001
 -6.9843749999999993E-001 -9.9997599283938954E-001  3.4220848003635695E-001
 -6.9531250000000000E-001 -9.9978701904078116E-001  3.4713065892134487E-001
 -6.9218749999999996E-001 -9.9941555525091952E-001  3.5206146670634880E-001
 -6.8906250000000002E-001 -9.9886805309736304E-001  3.5700058647502614E-001
 -6.8593749999999998E-001 -9.9815065334574093E-001  3.6194770491513817E-001
 -6.8281249999999993E-001 -9.9726920520555873E-001  3.6690251216021186E-001
 -6.7968750000000000E-001 -9.9622928423433810E-001  3.7186470163535484E-001
 -6.7656249999999996E-001 -9.9503620895293110E-001  3.7683396990698204E-001
 -6.7343750000000002E-001 -9.9369505627383370E-001  3.8181001653624741E-001
 -6.7031249999999998E-001 -9.9221067583822253E-001  3.8679254393600082E-001
 -6.6718749999999993E-001 -9.9058770334733148E-001  3.9178125723104201E-001
 -6.6406250000000000E-001 -9.8883057296793297E-001  3.9677586412149013E-001
 -6.6093749999999996E-001 -9.8694352888416492E-001  4.0177607474912674E-001
 -6.5781250000000002E-001 -9.8493063606272413E-001  4.0678160156650012E-001
 -6.5468749999999998E-001 -9.8279579029180719E-001  4.1179215920862688E-001
 -6.5156249999999993E-001 -9.8054272754990046E-001  4.1680746436715355E-001
 -6.4843750000000000E-001 -9.7817503275558804E-001  4.2182723566680996E-001
 -6.4531249999999996E-001 -9.7569614794520110E-001  4.2685119354400514E-001
 -6.4218750000000002E-001 -9.7310937992076840E-001  4.3187906012740862E-001
 -6.3906249999999998E-001 -9.7041790740892919E-001  4.3691055912041193E-001
 -6.3593749999999993E-001 -9.6762478776543026E-001  4.4194541568526824E-001
 -6.3281250000000000E-001 -9.6473296325953739E-001  4.4698335632886055E-001
 -6.2968749999999996E-001 -9.6174526696874318E-001  4.5202410878990273E-001
 -6.2656250000000002E-001 -9.5866442831124909E-001  4.5706740192746381E-001
 -6.2343749999999998E-001 -9.5549307824249707E-001  4.6211296561070009E-001
 -6.2031249999999993E-001 -9.5223375413965450E-001  4.6716053060967994E-001
 -6.1718750000000000E-001 -9.4888890439524842E-001  4.7220982848714194E-001
 -6.1406249999999996E-001 -9.4546089274107137E-001  4.7726059149112515E-001
 -6.1093750000000002E-001 -9.4195200231977183E-001  4.8231255244832633E-001
 -6.0781249999999998E-001 -9.3836443952262116E-001  4.8736544465803466E-001
 -6.0468749999999993E-001 -9.3470033760804794E-001  4.9241900178661463E-001
 -6.0156250000000000E-001 -9.3096176011646903E-001  4.9747295776233980E-001
 -5.9843749999999996E-001 -9.2715070409437428E-001  5.0252704667053161E-001
 -5.9531250000000002E-001 -9.2326910314077315E-001  5.0758100264882933E-001
 -5.9218749999999998E-001 -9.1931883028668726E-001  5.1263455978255401E-001
 -5.8906249999999993E-001 -9.1530170071971051E-001  5.1768745199998567E-001
 -5.8593750000000000E-001 -9.1121947436221540E-001  5.2273941296750925E-001
 -5.8281249999999996E-001 -9.0707385831350762E-001  5.2779017598443811E-001
 -5.7968750000000002E-001 -9.0286650916401157E-001  5.3283947387748221E-001
 -5.7656249999999998E-001 -8.9859903518949957E-001  5.3788703889469591E-001
 -5.7343749999999993E-001 -8.9427299843269570E-001  5.4293260259887521E-001
 -5.7031250000000000E-001 -8.8988991667961170E-001  5.4797589576011507E-001
 -5.6718749999999996E-001 -8.8545126533633178E-001  5.5301664824761276E-001
 -5.6406250000000002E-001 -8.8095847921267179E-001  5.5805458892049697E-001
 -5.6093749999999998E-001 -8.7641295421823318E-001  5.6308944551751616E-001
 -5.5781249999999993E-001 -8.7181604897589915E-001  5.6812094454562112E-001
 -5.5468750000000000E-001 -8.6716908635759204E-001  5.7314881116713345E-001
 -5.5156249999999996E-001 -8.6247335494720223E-001  5.7817276908551174E-001
 -5.4843750000000002E-001 -8.5773011043429404E-001  5.8319254042950430E-001
 -5.4531249999999998E-001 -8.5294057694300640E-001  5.8820784563560358E-001
 -5.4218749999999993E-001 -8.4810594829956742E-001  5.9321840332862774E-001
 -5.3906250000000000E-001 -8.4322738924234664E-001  5.9822393020031228E-001
 -5.3593749999999996E-001 -8.3830603657686242E-001  6.0322414088579324E-001
 -5.3281250000000002E-001 -8.3334300027952812E-001  6.0821874783773244E-001
 -5.2968749999999998E-001 -8.2833936455276835E-001  6.1320746119801717E-001
 -5.2656249999999993E-001 -8.2329618883382394E-001  6.1818998866690966E-001
 -5.2343750000000000E-001 -8.1821450876017909E-001  6.2316603536934123E-001
 -5.2031249999999996E-001 -8.1309533709405668E-001  6.2813530371830750E-001
 -5.1718750000000002E-001 -8.0793966460747035E-001  6.3309749327513110E-001
 -5.1406249999999998E-001 -8.0274846093077556E-001  6.3805230060639839E-001
 -5.1093749999999993E-001 -7.9752267536608756E-001  6.4299941913738401E-001
 -5.0781250000000000E-001 -7.9226323766769957E-001  6.4793853900181786E-001
 -5.0468749999999996E-001 -7.8697105879113560E-001  6.5286934688766973E-001
 -5.0156250000000002E-001 -7.8164703161233839E-001  6.5779152587881151E-001
 -4.9843749999999998E-001 -7.7629203161891769E-001  6.6270475529234885E-001
 -4.9531249999999999E-001 -7.7090691757452046E-001  6.6760871051131410E-001
 -4.9218750000000000E-001 -7.6549253215775925E-001  6.7250306281248928E-001
 -4.8906249999999996E-001 -7.6004970257726345E-001  6.7738747918909803E-001
 -4.8593749999999997E-001 -7.5457924116370212E-001  6.8226162216812825E-001
 -4.8281249999999998E-001 -7.4908194594039301E-001  6.8712514962194804E-001
 -4.7968749999999999E-001 -7.4355860117292760E-001  6.9197771457393198E-001
 -4.7656250000000000E-001 -7.3800997789962364E-001  6.9681896499773299E-001
 -4.7343749999999996E-001 -7.3243683444322349E-001  7.0164854360992823E-001
 -4.7031249999999997E-001 -7.2683991690500593E-001  7.0646608765564822E-001
 -4.6718749999999998E-001 -7.2121995964210339E-001  7.1127122868683446E-001
 -4.6406249999999999E-001 -7.1557768572894487E-001  7.1606359233268824E-001
 -4.6093750000000000E-001 -7.0991380740364618E-001  7.2084279806192608E-001
 -4.5781249999999996E-001 -7.0422902649991515E-001  7.2560845893641301E-001
 -4.5468749999999997E-001 -6.9852403486537873E-001  7.3036018135568348E-001
 -4.5156249999999998E-001 -6.9279951476702917E-001  7.3509756479188570E-001
 -4.4843749999999999E-001 -6.8705613928422282E-001  7.3982020151456929E-001
 -4.4531250000000000E-001 -6.8129457269015048E-001  7.4452767630483829E-001
 -4.4218749999999996E-001 -6.7551547082200591E-001  7.4921956615826224E-001
 -4.3906249999999997E-001 -6.6971948144106364E-001  7.5389543997591113E-001
 -4.3593749999999998E-001 -6.6390724458196948E-001  7.5855485824285918E-001
 -4.3281249999999999E-001 -6.5807939289443218E-001  7.6319737269348087E-001
 -4.2968750000000000E-001 -6.5223655197261776E-001  7.6782252596276090E-001
 -4.2656249999999996E-001 -6.4637934067951663E-001  7.7242985122292041E-001
 -4.2343749999999997E-001 -6.4050837146127304E-001  7.7701887180442386E-001
 -4.2031249999999998E-001 -6.3462425065466843E-001  7.8158910080045430E-001
 -4.1718749999999999E-001 -6.2872757878702124E-001  7.8614004065408238E-001
 -4.1406250000000000E-001 -6.2281895086953221E-001  7.9067118272692449E-001
 -4.1093749999999996E-001 -6.1689895668427697E-001  7.9518200684833484E-001
 -4.0781249999999997E-001 -6.1096818106491835E-001  7.9967198084388602E-001
 -4.0468749999999998E-001 -6.0502720417208367E-001  8.0414056004201107E-001
 -4.0156249999999993E-001 -5.9907660176313859E-001  8.0858718675743169E-001
 -3.9843749999999994E-001 -5.9311694545710703E-001  8.1301128974994552E-001
 -3.9531249999999996E-001 -5.8714880299510819E-001  8.1741228365716456E-001
 -3.9218749999999997E-001 -5.8117273849602169E-001  8.2178956839943929E-001
 -3.8906249999999998E-001 -5.7518931270862994E-001  8.2614252855542147E-001
 -3.8593749999999993E-001 -5.6919908325961499E-001  8.3047053270629267E-001
 -3.8281249999999994E-001 -5.6320260489837881E-001  8.3477293274669373E-001
 -3.7968749999999996E-001 -5.5720042973847295E-001  8.3904906316020156E-001
 -3.7656249999999997E-001 -5.5119310749641337E-001  8.4329824025713052E-001
 -3.7343749999999998E-001 -5.4518118572764496E-001  8.4751976137208063E-001
 -3.7031249999999993E-001 -5.3916521006024354E-001  8.5171290401865307E-001
 -3.6718749999999994E-001 -5.3314572442654684E-001  8.5587692499842305E-001
 -3.6406249999999996E-001 -5.2712327129293768E-001  8.6001105946103762E-001
 -3.6093749999999997E-001 -5.2109839188804319E-001  8.6411451991213784E-001
 -3.5781249999999998E-001 -5.1507162642953042E-001  8.6818649516549373E-001
 -3.5468749999999993E-001 -5.0904351434995809E-001  8.7222614923537933E-001
 -3.5156249999999994E-001 -5.0301459452167852E-001  8.7623262016500114E-001
 -3.4843749999999996E-001 -4.9698540548080938E-001  8.8020501878636526E-001
 -3.4531249999999997E-001 -4.9095648565253763E-001  8.8414242740654925E-001
 -3.4218749999999998E-001 -4.8492837357296309E-001  8.8804389841503695E-001
 -3.3906249999999993E-001 -4.7890160811445603E-001  8.9190845280613662E-001
 -3.3593749999999994E-001 -4.7287672870955183E-001  8.9573507861014368E-001
 -3.3281249999999996E-001 -4.6685427557594589E-001  8.9952272922624332E-001
 -3.2968749999999997E-001 -4.6083478994225185E-001  9.0327032164941357E-001
 -3.2656249999999998E-001 -4.5481881427485354E-001  9.0697673458316530E-001
 -3.2343749999999993E-001 -4.4880689250607658E-001  9.1064080642887579E-001
 -3.2031249999999994E-001 -4.4279957026402750E-001  9.1426133314180280E-001
 -3.1718749999999996E-001 -4.3679739510411369E-001  9.1783706594285286E-001
 -3.1406249999999997E-001 -4.3080091674287779E-001  9.2136670887400662E-001
 -3.1093749999999998E-001 -4.2481068729387994E-001  9.2484891618428045E-001
 -3.0781249999999993E-001 -4.1882726150649752E-001  9.2828228953175751E-001
 -3.0468749999999994E-001 -4.1285119700742090E-001  9.3166537498551583E-001
 -3.0156249999999996E-001 -4.0688305454541951E-001  9.3499665980994218E-001
 -2.9843749999999997E-001 -4.0092339823940409E-001  9.3827456901184214E-001
 -2.9531249999999998E-001 -3.9497279583045541E-001  9.4149746162869508E-001
 -2.9218749999999993E-001 -3.8903181893762895E-001  9.4466362673415705E-001
 -2.8906249999999994E-001 -3.8310104331829231E-001  9.4777127913413217E-001
 -2.8593749999999996E-001 -3.7718104913304518E-001  9.5081855472384658E-001
 -2.8281249999999997E-001 -3.7127242121557313E-001  9.5380350547291692E-001
 -2.7968749999999998E-001 -3.6537574934791051E-001  9.5672409400155400E-001
 -2.7656249999999993E-001 -3.5949162854128419E-001  9.5957818770671199E-001
 -2.7343749999999994E-001 -3.5362065932302167E-001  9.6236355239210802E-001
 -2.7031249999999996E-001 -3.4776344802987069E-001  9.6507784535015284E-001
 -2.6718749999999997E-001 -3.4192060710803895E-001  9.6771860783764563E-001
 -2.6406249999999998E-001 -3.3609275542047040E-001  9.7028325687941641E-001
 -2.6093749999999993E-001 -3.3028051856188001E-001  9.7276907632570764E-001
 -2.5781249999999994E-001 -3.2448452918097581E-001  9.7517320707919819E-001
 -2.5468749999999996E-001 -3.1870542731289564E-001  9.7749263639633532E-001
 -2.5156249999999997E-001 -3.1294386071881897E-001  9.7972418615427037E-001
 -2.4843749999999998E-001 -3.0720048523605503E-001  9.8186449995964764E-001
 -2.4531249999999993E-001 -3.0147596513776020E-001  9.8391002895757373E-001
 -2.4218749999999994E-001 -2.9577097350329351E-001  9.8585701617834320E-001
 -2.3906249999999996E-001 -2.9008619259961455E-001  9.8770147923513707E-001
 -2.3593749999999997E-001 -2.8442231427438175E-001  9.8943919115715417E-001
 -2.3281249999999998E-001 -2.7878004036128790E-001  9.9106565910882150E-001
 -2.2968749999999993E-001 -2.7316008309843642E-001  9.9257610070573643E-001
 -2.2656249999999994E-001 -2.6756316556027515E-001  9.9396541759002022E-001
 -2.2343749999999996E-001 -2.6199002210394257E-001  9.9522816587099938E-001
 -2.2031249999999997E-001 -2.5644139883069517E-001  9.9635852296887772E-001
 -2.1718749999999998E-001 -2.5091805406327128E-001  9.9735025031655344E-001
 -2.1406249999999993E-001 -2.4542075883986084E-001  9.9819665127547841E-001
 -2.1093749999999994E-001 -2.3995029742638771E-001  9.9889052350027030E-001
 -2.0781249999999996E-001 -2.3450746784594795E-001  9.9942410483895416E-001
 -2.0468749999999997E-001 -2.2909308242925952E-001  9.9978901167433853E-001
 -2.0156249999999998E-001 -2.2370796838493634E-001  9.9997616838721848E-001
 -1.9843749999999993E-001 -2.1835296839162183E-001  9.9997572634365872E-001
 -1.9531249999999994E-001 -2.1302894121290988E-001  9.9977697045961611E-001
 -1.9218749999999996E-001 -2.0773676233640787E-001  9.9936821095705564E-001
 -1.8906249999999997E-001 -2.0247732463812965E-001  9.9873665736922923E-001
 -1.8593749999999998E-001 -1.9725153907354215E-001  9.9786827114112786E-001
 -1.8281249999999993E-001 -1.9206033539696102E-001  9.9674759225532117E-001
 -1.7968749999999994E-001 -1.8690466291049457E-001  9.9535753412321637E-001
 -1.7656249999999996E-001 -1.8178549124449536E-001  9.9367913942186870E-001
 -1.7343749999999997E-001 -1.7670381117099879E-001  9.9169128749109647E-001
 -1.7031249999999998E-001 -1.7166063545216728E-001  9.8937034114178002E-001
 -1.6718749999999993E-001 -1.6665699972562664E-001  9.8668971698587582E-001
 -1.6406249999999994E-001 -1.6169396342853820E-001  9.8361935827335456E-001
 -1.6093749999999996E-001 -1.5677261076322990E-001  9.8012508210263793E-001
 -1.5781249999999997E-001 -1.5189405170621004E-001  9.7616776283971307E-001
 -1.5468749999999998E-001 -1.4705942306300801E-001  9.7170229921628803E-001
 -1.5156249999999993E-001 -1.4226988957192094E-001  9.6667629164313906E-001
 -1.4843749999999994E-001 -1.3752664505926596E-001  9.6102832517073900E-001
 -1.4531249999999996E-001 -1.3283091364917088E-001  9.5468570631105731E-001
 -1.4218749999999997E-001 -1.2818395103118169E-001  9.4756142851857861E-001
 -1.3906249999999998E-001 -1.2358704578907589E-001  9.3955002386979081E-001
 -1.3593749999999993E-001 -1.1904152079500402E-001  9.3052176542479625E-001
 -1.3281249999999994E-001 -1.1454873467174678E-001  9.2031435572140763E-001
 -1.2968749999999996E-001 -1.1011008332889927E-001  9.0872065333471730E-001
 -1.2656249999999997E-001 -1.0572700157629931E-001  8.9546990581128816E-001
 -1.2343749999999998E-001 -1.0140096482002836E-001  8.8019783332328383E-001
 -1.2031249999999993E-001 -9.7133490846069037E-002  8.6239646854166430E-001
 -1.1718749999999994E-001 -9.2926141697223685E-002  8.4132462324431778E-001
 -1.1406249999999996E-001 -8.8780525649226588E-002  8.1583469667773867E-001
 -1.1093749999999997E-001 -8.4698299292492230E-002  7.8399844451003664E-001
 -1.0781249999999998E-001 -8.0681169726403212E-002  7.4215460336654893E-001
 -1.0468749999999993E-001 -7.6730896873278498E-002  6.8184830422581366E-001
 -1.0156249999999994E-001 -7.2849295920698193E-002  5.7880326537647919E-001
 -9.8437499999999956E-002 -6.9038239899806494E-002  4.2080391706395798E-001
 -9.5312499999999967E-002 -6.5299662409531528E-002  3.1833418987387796E-001
 -9.2187499999999978E-002 -6.1635560496410211E-002  2.5799959077866841E-001
 -8.9062499999999933E-002 -5.8047997700912055E-002  2.1607680074163943E-001
 -8.5937499999999944E-002 -5.4539107281481806E-002  1.8420342325833122E-001
 -8.2812499999999956E-002 -5.1111095629373007E-002  1.5869741254133796E-001
 -7.9687499999999967E-002 -4.7766245887370481E-002  1.3761779457661286E-001
 -7.6562499999999978E-002 -4.4506921787220037E-002  1.1981213325600593E-001
 -7.3437499999999933E-002 -4.1335571721584266E-002  1.0453742265890892E-001
 -7.0312499999999944E-002 -3.8254733067611082E-002  9.1284928708299712E-002
 -6.7187499999999956E-002 -3.5267036780887683E-002  7.9690004356868460E-002
 -6.4062499999999967E-002 -3.2375212279675741E-002  6.9481702622683300E-002
 -6.0937499999999978E-002 -2.9582092641532602E-002  6.0452770974966180E-002
 -5.7812499999999933E-002 -2.6890620135941505E-002  5.2440844701861167E-002
 -5.4687499999999944E-002 -2.4303852118776531E-002  4.5316154203404214E-002
 -5.1562499999999956E-002 -2.1824967316719013E-002  3.8973203403257509E-002
 -4.8437499999999967E-002 -1.9457272532054606E-002  3.3324966526736152E-002
 -4.5312499999999978E-002 -1.7204209801110822E-002  2.8298736542744549E-002
 -4.2187499999999933E-002 -1.5069364042443464E-002  2.3833088694778751E-002
 -3.9062499999999944E-002 -1.3056471234152963E-002  1.9875616110112515E-002
 -3.5937499999999956E-002 -1.1169427163052310E-002  1.6381211985359884E-002
 -3.2812499999999967E-002 -9.4122967928133988E-003  1.3310746392639804E-002
 -2.9687499999999978E-002 -7.7893243036821595E-003  1.0630033038729935E-002
 -2.6562499999999933E-002 -6.3049438600270161E-003  8.3090124532554238E-003
 -2.3437499999999944E-002 -4.9637911640664605E-003  6.3210990389945482E-003
 -2.0312499999999956E-002 -3.7707158604777229E-003  4.6426537958888531E-003
 -1.7187499999999967E-002 -2.7307948658224206E-003  3.2525545702935688E-003
 -1.4062499999999978E-002 -1.8493467039169182E-003  2.1318428045843558E-003
 -1.0937499999999933E-002 -1.1319469341788098E-003  1.2634308911204852E-003
 -7.8124999999999445E-003 -5.8444476690518816E-004  6.3185797720781325E-004
 -4.6874999999999556E-003 -2.1298096797275201E-004  2.2308483279096344E-004
 -1.5624999999999667E-003 -2.4007164899394513E-005  2.4320458937736834E-005
  1.5625000000000222E-003 -2.4306676287462277E-005  2.3874675742997933E-005
  4.6875000000000666E-003 -2.2101699729024630E-004  2.1103211843937861E-004
  7.8125000000001110E-003 -6.2165408492083070E-004  5.7594398633529847E-004
  1.0937500000000044E-002 -1.2341385987102399E-003  1.1095345996254692E-003
  1.4062499999999978E-002 -2.0668242642940186E-003  1.8034203740010895E-003
  1.7187500000000022E-002 -3.1285285397446567E-003  2.6498392587097253E-003
  2.0312500000000067E-002 -4.4285657765365527E-003  3.6415890272904119E-003
  2.3437500000000111E-002 -5.9767830784356376E-003  4.7719730827509195E-003
  2.6562500000000044E-002 -7.7835990716749043E-003  6.0347526593423038E-003
  2.9687499999999978E-002 -9.8600458075290536E-003  7.4241044917042615E-003
  3.2812500000000022E-002 -1.2217814022504978E-002  8.9345832026720053E-003
  3.5937500000000067E-002 -1.4869301980064396E-002  1.0561087854652092E-002
  3.9062500000000111E-002 -1.7827668108606136E-002  1.2298832314711705E-002
  4.2187500000000044E-002 -2.1106887630173231E-002  1.4143319244188471E-002
  4.5312499999999978E-002 -2.4721813338480340E-002  1.6090317516415278E-002
  4.8437500000000022E-002 -2.8688240627583433E-002  1.8135842569727466E-002
  5.1562500000000067E-002 -3.3022976785670510E-002  2.0276138680165649E-002
  5.4687500000000111E-002 -3.7743914441478538E-002  2.2507661805752963E-002
  5.7812500000000044E-002 -4.2870108869255019E-002  2.4827062124075046E-002
  6.0937499999999978E-002 -4.8421858604202041E-002  2.7231166797290721E-002
  6.4062500000000022E-002 -5.4420788468545964E-002  2.9716964867845013E-002
  6.7187500000000067E-002 -6.0889933626175632E-002  3.2281595907470512E-002
  7.0312500000000111E-002 -6.7853822631031596E-002  3.4922341797107258E-002
  7.3437500000000044E-002 -7.5338556554490149E-002  3.7636618983107488E-002
  7.6562499999999978E-002 -8.3371880099737325E-002  4.0421969317718798E-002
  7.9687500000000022E-002 -9.1983239053310004E-002  4.3276050422889886E-002
  8.2812500000000067E-002 -1.0120381636905806E-001  4.6196627687608807E-002
  8.5937500000000111E-002 -1.1106653650436887E-001  4.9181568088029627E-002
  8.9062500000000044E-002 -1.2160602417843083E-001  5.2228834251279645E-002
  9.2187499999999978E-002 -1.3285849933825983E-001  5.5336478188991331E-002
  9.5312500000000022E-002 -1.4486158464863522E-001  5.8502635623638048E-002
  9.8437500000000067E-002 -1.5765399517153705E-001  6.1725521219896128E-002
  1.0156250000000011E-001 -1.7127507209961532E-001  6.5003424036367774E-002
  1.0468750000000004E-001 -1.8576411374337687E-001  6.8334703056978904E-002
  1.0781249999999998E-001 -2.0115944818754627E-001  7.1717783197273344E-002
  1.1093750000000002E-001 -2.1749718461286766E-001  7.5151151681709466E-002
  1.1406250000000007E-001 -2.3480957683548168E-001  7.8633354546374060E-002
  1.1718750000000011E-001 -2.5312293729359692E-001  8.2162993396667938E-002
  1.2031250000000004E-001 -2.7245505849567397E-001  8.5738722448053889E-002
  1.2343749999999998E-001 -2.9281213950989149E-001  8.9359245715984151E-002
  1.2656250000000002E-001 -3.1418528559532533E-001  9.3023314388059150E-002
  1.2968750000000007E-001 -3.3654675530021044E-001  9.6729724395480679E-002
  1.3281250000000011E-001 -3.5984626925084817E-001  1.0047731411854161E-001
  1.3593750000000004E-001 -3.8400785140614213E-001  1.0426496223840166E-001
  1.3906249999999998E-001 -4.0892780827080921E-001  1.0809158573287796E-001
  1.4218750000000002E-001 -4.3447450466864934E-001  1.1195613798482114E-001
  1.4531250000000007E-001 -4.6049049936679831E-001  1.1585760700916632E-001
  1.4843750000000011E-001 -4.8679731766593337E-001  1.1979501378755224E-001
  1.5156250000000004E-001 -5.1320268191323692E-001  1.2376741069715075E-001
  1.5468749999999998E-001 -5.3950950023005650E-001  1.2777388003421966E-001
  1.5781250000000002E-001 -5.6552549496269022E-001  1.3181353262110276E-001
  1.6093750000000007E-001 -5.9107219140749034E-001  1.3588550649195130E-001
  1.6406250000000011E-001 -6.1599214832677796E-001  1.3998896565312008E-001
  1.6718750000000004E-001 -6.4015373053993585E-001  1.4412309891100286E-001
  1.7031249999999998E-001 -6.6345324454777010E-001  1.4828711876459397E-001
  1.7343750000000002E-001 -6.8581471430668017E-001  1.5248026035751658E-001
  1.7656250000000007E-001 -7.0718786044092496E-001  1.5670178048577701E-001
  1.7968750000000011E-001 -7.2754494149794335E-001  1.6095095665797943E-001
  1.8281250000000004E-001 -7.4687706273661492E-001  1.6522708620411178E-001
  1.8593749999999998E-001 -7.6519042322521558E-001  1.6952948543029278E-001
  1.8906250000000002E-001 -7.8250281547309553E-001  1.7385748881626181E-001
  1.9218750000000007E-001 -7.9884055191913173E-001  1.7821044825311477E-001
  1.9531250000000011E-001 -8.1423588638016065E-001  1.8258773231880815E-001
  1.9843750000000016E-001 -8.2872492803764208E-001  1.8698872558902319E-001
  2.0156250000000009E-001 -8.4234600497690348E-001  1.9141282798140097E-001
  2.0468750000000002E-001 -8.5513841550916059E-001  1.9585945413102698E-001
  2.0781250000000007E-001 -8.6714150082726071E-001  2.0032803279540337E-001
  2.1093750000000011E-001 -8.7839397599398861E-001  2.0481800628710867E-001
  2.1406250000000016E-001 -8.8893346367418169E-001  2.0932882993262089E-001
  2.1718750000000009E-001 -8.9879618381501336E-001  2.1385997155571090E-001
  2.2031250000000002E-001 -9.0801676113610807E-001  2.1841091098404253E-001
  2.2343750000000007E-001 -9.1662812009510009E-001  2.2298113957769333E-001
  2.2656250000000011E-001 -9.2466144364592562E-001  2.2757015977830150E-001
  2.2968750000000016E-001 -9.3214617757535878E-001  2.3217748467773819E-001
  2.3281250000000009E-001 -9.3911006658672391E-001  2.3680263760521841E-001
  2.3593750000000002E-001 -9.4557921175119342E-001  2.4144515173182263E-001
  2.3906250000000007E-001 -9.5157814162286347E-001  2.4610456969149239E-001
  2.4218750000000011E-001 -9.5712989136531179E-001  2.5078044321761295E-001
  2.4531250000000016E-001 -9.6225608580054356E-001  2.5547233279434750E-001
  2.4843750000000009E-001 -9.6697702346302861E-001  2.6017980732191176E-001
  2.5156250000000002E-001 -9.7131175962611060E-001  2.6490244379508310E-001
  2.5468750000000007E-001 -9.7527818691721624E-001  2.6963982699424149E-001
  2.5781250000000011E-001 -9.7889311262307799E-001  2.7439154918824565E-001
  2.6093750000000016E-001 -9.8217233213663668E-001  2.7915720984859593E-001
  2.6406250000000009E-001 -9.8513069825098487E-001  2.8393641537423236E-001
  2.6718750000000002E-001 -9.8778218618840818E-001  2.8872877882646730E-001
  2.7031250000000007E-001 -9.9013995437840052E-001  2.9353391967350018E-001
  2.7343750000000011E-001 -9.9221640108611786E-001  2.9835146354404346E-001
  2.7656250000000016E-001 -9.9402321705003149E-001  3.0318104198957629E-001
  2.7968750000000009E-001 -9.9557143432336426E-001  3.0802229225481348E-001
  2.8281250000000002E-001 -9.9687147153393763E-001  3.1287485705593809E-001
  2.8593750000000007E-001 -9.9793317578668161E-001  3.1773838436623131E-001
  2.8906250000000011E-001 -9.9876586143374713E-001  3.2261252720870809E-001
  2.9218750000000016E-001 -9.9937834593353103E-001  3.2749694345540892E-001
  2.9531250000000009E-001 -9.9977898301182377E-001  3.3239129563302916E-001
  2.9843750000000002E-001 -9.9997569332814185E-001  3.3729525073451205E-001
  3.0156250000000007E-001 -9.9997599283941385E-001  3.4220848003635912E-001
  3.0468750000000011E-001 -9.9978701904080935E-001  3.4713065892134554E-001
  3.0781250000000016E-001 -9.9941555525099224E-001  3.5206146670634736E-001
  3.1093750000000009E-001 -9.9886805309747295E-001  3.5700058647502686E-001
  3.1406250000000002E-001 -9.9815065334587638E-001  3.6194770491513567E-001
  3.1718750000000007E-001 -9.9726920520567996E-001  3.6690251216021585E-001
  3.2031250000000011E-001 -9.9622928423452350E-001  3.7186470163535590E-001
  3.2343750000000016E-001 -9.9503620895313594E-001  3.7683396990698115E-001
  3.2656250000000009E-001 -9.9369505627406629E-001  3.8181001653624508E-001
  3.2968750000000002E-001 -9.9221067583848455E-001  3.8679254393600015E-001
  3.3281250000000007E-001 -9.9058770334760859E-001  3.9178125723104124E-001
  3.3593750000000011E-001 -9.8883057296826582E-001  3.9677586412148735E-001
  3.3906250000000016E-001 -9.8694352888447434E-001  4.0177607474912641E-001
  3.4218750000000009E-001 -9.8493063606305831E-001  4.0678160156650112E-001
  3.4531250000000002E-001 -9.8279579029215736E-001  4.1179215920863049E-001
  3.4843750000000007E-001 -9.8054272755027205E-001  4.1680746436715316E-001
  3.5156250000000011E-001 -9.7817503275599904E-001  4.2182723566681202E-001
  3.5468750000000016E-001 -9.7569614794561099E-001  4.2685119354400625E-001
  3.5781250000000009E-001 -9.7310937992119650E-001  4.3187906012741073E-001
  3.6093750000000002E-001 -9.7041790740938305E-001  4.3691055912041138E-001
  3.6406250000000007E-001 -9.6762478776587679E-001  4.4194541568526752E-001
  3.6718750000000011E-001 -9.6473296326000790E-001  4.4698335632886133E-001
  3.7031250000000016E-001 -9.6174526696923879E-001  4.5202410878990368E-001
  3.7343750000000009E-001 -9.5866442831176513E-001  4.5706740192746342E-001
  3.7656250000000002E-001 -9.5549307824301222E-001  4.6211296561070131E-001
  3.7968750000000007E-001 -9.5223375414018974E-001  4.6716053060968005E-001
  3.8281250000000011E-001 -9.4888890439584506E-001  4.7220982848714177E-001
  3.8593750000000016E-001 -9.4546089274161571E-001  4.7726059149112532E-001
  3.8906250000000009E-001 -9.4195200232035314E-001  4.8231255244832638E-001
  3.9218750000000002E-001 -9.3836443952322601E-001  4.8736544465803333E-001
  3.9531250000000007E-001 -9.3470033760866889E-001  4.9241900178661518E-001
  3.9843750000000011E-001 -9.3096176011706422E-001  4.9747295776234068E-001
  4.0156250000000016E-001 -9.2715070409500788E-001  5.0252704667052905E-001
  4.0468750000000009E-001 -9.2326910314140065E-001  5.0758100264882855E-001
  4.0781250000000002E-001 -9.1931883028733608E-001  5.1263455978255190E-001
  4.1093750000000007E-001 -9.1530170072034811E-001  5.1768745199998301E-001
  4.1406250000000011E-001 -9.1121947436286765E-001  5.2273941296750637E-001
  4.1718750000000016E-001 -9.0707385831418197E-001  5.2779017598443823E-001
  4.2031250000000009E-001 -9.0286650916470768E-001  5.3283947387748209E-001
  4.2343750000000002E-001 -8.9859903519018292E-001  5.3788703889469480E-001
  4.2656250000000007E-001 -8.9427299843339036E-001  5.4293260259887555E-001
  4.2968750000000011E-001 -8.8988991668033801E-001  5.4797589576011729E-001
  4.3281250000000016E-001 -8.8545126533705654E-001  5.5301664824761598E-001
  4.3593750000000009E-001 -8.8095847921340786E-001  5.5805458892049797E-001
  4.3906250000000002E-001 -8.7641295421897758E-001  5.6308944551751317E-001
  4.4218750000000007E-001 -8.7181604897663967E-001  5.6812094454562156E-001
  4.4531250000000011E-001 -8.6716908635836409E-001  5.7314881116713690E-001
  4.4843750000000016E-001 -8.6247335494797717E-001  5.7817276908551340E-001
  4.5156250000000009E-001 -8.5773011043508007E-001  5.8319254042950441E-001
  4.5468750000000002E-001 -8.5294057694377590E-001  5.8820784563560014E-001
  4.5781250000000007E-001 -8.4810594830036212E-001  5.9321840332862463E-001
  4.6093750000000011E-001 -8.4322738924315710E-001  5.9822393020031650E-001
  4.6406250000000016E-001 -8.3830603657765390E-001  6.0322414088579723E-001
  4.6718750000000009E-001 -8.3334300028036135E-001  6.0821874783773555E-001
  4.7031250000000002E-001 -8.2833936455359991E-001  6.1320746119801928E-001
  4.7343750000000007E-001 -8.2329618883463485E-001  6.1818998866691055E-001
  4.7656250000000011E-001 -8.1821450876100599E-001  6.2316603536934212E-001
  4.7968750000000016E-001 -8.1309533709487547E-001  6.2813530371830895E-001
  4.8281250000000009E-001 -8.0793966460832523E-001  6.3309749327513709E-001
  4.8593750000000002E-001 -8.0274846093161667E-001  6.3805230060639939E-001
  4.8906250000000007E-001 -7.9752267536692978E-001  6.4299941913738567E-001
  4.9218750000000011E-001 -7.9226323766856810E-001  6.4793853900181819E-001
  4.9531250000000016E-001 -7.8697105879199269E-001  6.5286934688766829E-001
  4.9843750000000009E-001 -7.8164703161319304E-001  6.5779152587880785E-001
  5.0156250000000002E-001 -7.7629203161981208E-001  6.6270475529234818E-001
  5.0468750000000007E-001 -7.7090691757540974E-001  6.6760871051132276E-001
  5.0781250000000011E-001 -7.6549253215865365E-001  6.7250306281249594E-001
  5.1093750000000016E-001 -7.6004970257816296E-001  6.7738747918909237E-001
  5.1406250000000009E-001 -7.5457924116461828E-001  6.8226162216812236E-001
  5.1718750000000002E-001 -7.4908194594127064E-001  6.8712514962194415E-001
  5.2031250000000007E-001 -7.4355860117382244E-001  6.9197771457393220E-001
  5.2343750000000011E-001 -7.3800997790052303E-001  6.9681896499773466E-001
  5.2656250000000016E-001 -7.3243683444412466E-001  7.0164854360992701E-001
  5.2968750000000009E-001 -7.2683991690592120E-001  7.0646608765565089E-001
  5.3281250000000002E-001 -7.2121995964300312E-001  7.1127122868683890E-001
  5.3593750000000007E-001 -7.1557768572986813E-001  7.1606359233268446E-001
  5.3906250000000011E-001 -7.0991380740455468E-001  7.2084279806192120E-001
  5.4218750000000016E-001 -7.0422902650080965E-001  7.2560845893640469E-001
  5.4531250000000009E-001 -6.9852403486632197E-001  7.3036018135567993E-001
  5.4843750000000002E-001 -6.9279951476797885E-001  7.3509756479188626E-001
  5.5156250000000007E-001 -6.8705613928516995E-001  7.3982020151457051E-001
  5.5468750000000011E-001 -6.8129457269108640E-001  7.4452767630483696E-001
  5.5781250000000016E-001 -6.7551547082296159E-001  7.4921956615825835E-001
  5.6093750000000009E-001 -6.6971948144200999E-001  7.5389543997590702E-001
  5.6406250000000002E-001 -6.6390724458292449E-001  7.5855485824285951E-001
  5.6718750000000007E-001 -6.5807939289536665E-001  7.6319737269347909E-001
  5.7031250000000011E-001 -6.5223655197358610E-001  7.6782252596275935E-001
  5.7343750000000016E-001 -6.4637934068045966E-001  7.7242985122292351E-001
  5.7656250000000009E-001 -6.4050837146222661E-001  7.7701887180442653E-001
  5.7968750000000002E-001 -6.3462425065562911E-001  7.8158910080045418E-001
  5.8281250000000007E-001 -6.2872757878798002E-001  7.8614004065408150E-001
  5.8593750000000011E-001 -6.2281895087050465E-001  7.9067118272692727E-001
  5.8906250000000016E-001 -6.1689895668523986E-001  7.9518200684833729E-001
  5.9218750000000009E-001 -6.1096818106588935E-001  7.9967198084388014E-001
  5.9531250000000002E-001 -6.0502720417306777E-001  8.0414056004200873E-001
  5.9843750000000007E-001 -5.9907660176410604E-001  8.0858718675742980E-001
  6.0156250000000011E-001 -5.9311694545809979E-001  8.1301128974994363E-001
  6.0468750000000016E-001 -5.8714880299607919E-001  8.1741228365716290E-001
  6.0781250000000009E-001 -5.8117273849701245E-001  8.2178956839943629E-001
  6.1093750000000002E-001 -5.7518931270959717E-001  8.2614252855542492E-001
  6.1406250000000007E-001 -5.6919908326059754E-001  8.3047053270630111E-001
  6.1718750000000011E-001 -5.6320260489935525E-001  8.3477293274669673E-001
  6.2031250000000016E-001 -5.5720042973946060E-001  8.3904906316019512E-001
  6.2343750000000009E-001 -5.5119310749738981E-001  8.4329824025712308E-001
  6.2656250000000002E-001 -5.4518118572861929E-001  8.4751976137207663E-001
  6.2968750000000007E-001 -5.3916521006122131E-001  8.5171290401865185E-001
  6.3281250000000011E-001 -5.3314572442752362E-001  8.5587692499842305E-001
  6.3593750000000016E-001 -5.2712327129392711E-001  8.6001105946104239E-001
  6.3906250000000009E-001 -5.2109839188901819E-001  8.6411451991214183E-001
  6.4218750000000002E-001 -5.1507162643051174E-001  8.6818649516549262E-001
  6.4531250000000007E-001 -5.0904351435094120E-001  8.7222614923537978E-001
  6.4843750000000011E-001 -5.0301459452266661E-001  8.7623262016500503E-001
  6.5156250000000016E-001 -4.9698540548180914E-001  8.8020501878636859E-001
  6.5468750000000009E-001 -4.9095648565351990E-001  8.8414242740655358E-001
  6.5781250000000002E-001 -4.8492837357395602E-001  8.8804389841503606E-001
  6.6093750000000007E-001 -4.7890160811544602E-001  8.9190845280613251E-001
  6.6406250000000011E-001 -4.7287672871053604E-001  8.9573507861014778E-001
  6.6718750000000016E-001 -4.6685427557693016E-001  8.9952272922624943E-001
  6.7031250000000009E-001 -4.6083478994324090E-001  9.0327032164941978E-001
  6.7343750000000002E-001 -4.5481881427582727E-001  9.0697673458316908E-001
  6.7656250000000007E-001 -4.4880689250705896E-001  9.1064080642887335E-001
  6.7968750000000011E-001 -4.4279957026501160E-001  9.1426133314179969E-001
  6.8281250000000016E-001 -4.3679739510509347E-001  9.1783706594285086E-001
  6.8593750000000009E-001 -4.3080091674385768E-001  9.2136670887400574E-001
  6.8906250000000002E-001 -4.2481068729486693E-001  9.2484891618428056E-001
  6.9218750000000007E-001 -4.1882726150746552E-001  9.2828228953175573E-001
  6.9531250000000011E-001 -4.1285119700840650E-001  9.3166537498551105E-001
  6.9843750000000016E-001 -4.0688305454638507E-001  9.3499665980994362E-001
  7.0156250000000009E-001 -4.0092339824037571E-001  9.3827456901184514E-001
  7.0468750000000002E-001 -3.9497279583143141E-001  9.4149746162869918E-001
  7.0781250000000007E-001 -3.8903181893859651E-001  9.4466362673415705E-001
  7.1093750000000011E-001 -3.8310104331926309E-001  9.4777127913412684E-001
  7.1406250000000016E-001 -3.7718104913402162E-001  9.5081855472384369E-001
  7.1718750000000009E-001 -3.7127242121654053E-001  9.5380350547291659E-001
  7.2031250000000002E-001 -3.6537574934888006E-001  9.5672409400154856E-001
  7.2343750000000007E-001 -3.5949162854224825E-001  9.5957818770671155E-001
  7.2656250000000011E-001 -3.5362065932398667E-001  9.6236355239211180E-001
  7.2968750000000016E-001 -3.4776344803083703E-001  9.6507784535015584E-001
  7.3281250000000009E-001 -3.4192060710898931E-001  9.6771860783764363E-001
  7.3593750000000002E-001 -3.3609275542143152E-001  9.7028325687940842E-001
  7.3906250000000007E-001 -3.3028051856283425E-001  9.7276907632570453E-001
  7.4218750000000011E-001 -3.2448452918192855E-001  9.7517320707920352E-001
  7.4531250000000016E-001 -3.1870542731384510E-001  9.7749263639633266E-001
  7.4843750000000009E-001 -3.1294386071975766E-001  9.7972418615427281E-001
  7.5156250000000002E-001 -3.0720048523699672E-001  9.8186449995965575E-001
  7.5468750000000007E-001 -3.0147596513869879E-001  9.8391002895757473E-001
  7.5781250000000011E-001 -2.9577097350422088E-001  9.8585701617834054E-001
  7.6093750000000016E-001 -2.9008619260054402E-001  9.8770147923513318E-001
  7.6406250000000009E-001 -2.8442231427531139E-001  9.8943919115714241E-001
  7.6718750000000002E-001 -2.7878004036221338E-001  9.9106565910881472E-001
  7.7031250000000007E-001 -2.7316008309936024E-001  9.9257610070574742E-001
  7.7343750000000011E-001 -2.6756316556118320E-001  9.9396541759002710E-001
  7.7656250000000016E-001 -2.6199002210485395E-001  9.9522816587100182E-001
  7.7968750000000009E-001 -2.5644139883159528E-001  9.9635852296888050E-001
  7.8281250000000002E-001 -2.5091805406417700E-001  9.9735025031655589E-001
  7.8593750000000007E-001 -2.4542075884075143E-001  9.9819665127548041E-001
  7.8906250000000011E-001 -2.3995029742728052E-001  9.9889052350026264E-001
  7.9218750000000016E-001 -2.3450746784683696E-001  9.9942410483895228E-001
  7.9531250000000009E-001 -2.2909308243014462E-001  9.9978901167433221E-001
  7.9843750000000002E-001 -2.2370796838582119E-001  9.9997616838721337E-001
  8.0156250000000007E-001 -2.1835296839249235E-001  9.9997572634366372E-001
  8.0468750000000011E-001 -2.1302894121378091E-001  9.9977697045961567E-001
  8.0781250000000016E-001 -2.0773676233727212E-001  9.9936821095704997E-001
  8.1093750000000009E-001 -2.0247732463899062E-001  9.9873665736922224E-001
  8.1406250000000002E-001 -1.9725153907439943E-001  9.9786827114112864E-001
  8.1718750000000007E-001 -1.9206033539780937E-001  9.9674759225532417E-001
  8.2031250000000011E-001 -1.8690466291133778E-001  9.9535753412320438E-001
  8.2343750000000016E-001 -1.8178549124533042E-001  9.9367913942186037E-001
  8.2656250000000009E-001 -1.7670381117182357E-001  9.9169128749111302E-001
  8.2968750000000002E-001 -1.7166063545298343E-001  9.8937034114179168E-001
  8.3281250000000007E-001 -1.6665699972643730E-001  9.8668971698587671E-001
  8.3593750000000011E-001 -1.6169396342934741E-001  9.8361935827334890E-001
  8.3906250000000016E-001 -1.5677261076403687E-001  9.8012508210262905E-001
  8.4218750000000009E-001 -1.5189405170700551E-001  9.7616776283971218E-001
  8.4531250000000002E-001 -1.4705942306379510E-001  9.7170229921629658E-001
  8.4843750000000007E-001 -1.4226988957270018E-001  9.6667629164315128E-001
  8.5156250000000011E-001 -1.3752664506003781E-001  9.6102832517074754E-001
  8.5468750000000016E-001 -1.3283091364993632E-001  9.5468570631105520E-001
  8.5781250000000009E-001 -1.2818395103193991E-001  9.4756142851857883E-001
  8.6093750000000002E-001 -1.2358704578982491E-001  9.3955002386979458E-001
  8.6406250000000007E-001 -1.1904152079574411E-001  9.3052176542479836E-001
  8.6718750000000011E-001 -1.1454873467247723E-001  9.2031435572141074E-001
  8.7031250000000016E-001 -1.1011008332962086E-001  9.0872065333472429E-001
  8.7343750000000009E-001 -1.0572700157701240E-001  8.9546990581128749E-001
  8.7656250000000002E-001 -1.0140096482073613E-001  8.8019783332328760E-001
  8.7968750000000007E-001 -9.7133490846763287E-002  8.6239646854166518E-001
  8.8281250000000011E-001 -9.2926141697907083E-002  8.4132462324432478E-001
  8.8593750000000016E-001 -8.8780525649900160E-002  8.1583469667773001E-001
  8.8906250000000009E-001 -8.4698299293154283E-002  7.8399844451002698E-001
  8.9218750000000002E-001 -8.0681169727055330E-002  7.4215460336654215E-001
  8.9531250000000007E-001 -7.6730896873918764E-002  6.8184830422582332E-001
  8.9843750000000011E-001 -7.2849295921328411E-002  5.7880326537649129E-001
  9.0156250000000016E-001 -6.9038239900424653E-002  4.2080391706397247E-001
  9.0468750000000009E-001 -6.5299662410139153E-002  3.1833418987387208E-001
  9.0781250000000002E-001 -6.1635560497004208E-002  2.5799959077866480E-001
  9.1093750000000007E-001 -5.8047997701492174E-002  2.1607680074164182E-001
  9.1406250000000011E-001 -5.4539107282048922E-002  1.8420342325833103E-001
  9.1718750000000016E-001 -5.1111095629926981E-002  1.5869741254133499E-001
  9.2031250000000009E-001 -4.7766245887910425E-002  1.3761779457661263E-001
  9.2343750000000002E-001 -4.4506921787746734E-002  1.1981213325600648E-001
  9.2656250000000007E-001 -4.1335571722096030E-002  1.0453742265890907E-001
  9.2968750000000011E-001 -3.8254733068107560E-002  9.1284928708299448E-002
  9.3281250000000016E-001 -3.5267036781368624E-002  7.9690004356868474E-002
  9.3593750000000009E-001 -3.2375212280141522E-002  6.9481702622682731E-002
  9.3906250000000002E-001 -2.9582092641982007E-002  6.0452770974966111E-002
  9.4218750000000007E-001 -2.6890620136373576E-002  5.2440844701861132E-002
  9.4531250000000011E-001 -2.4303852119190936E-002  4.5316154203404263E-002
  9.4843750000000016E-001 -2.1824967317115626E-002  3.8973203403257231E-002
  9.5156250000000009E-001 -1.9457272532432852E-002  3.3324966526736187E-002
  9.5468750000000002E-001 -1.7204209801470173E-002  2.8298736542744625E-002
  9.5781250000000007E-001 -1.5069364042782980E-002  2.3833088694778772E-002
  9.6093750000000011E-001 -1.3056471234472521E-002  1.9875616110112421E-002
  9.6406250000000016E-001 -1.1169427163350659E-002  1.6381211985359776E-002
  9.6718750000000009E-001 -9.4122967930903544E-003  1.3310746392639794E-002
  9.7031250000000002E-001 -7.7893243039366981E-003  1.0630033038729930E-002
  9.7343750000000007E-001 -6.3049438602584464E-003  8.3090124532554759E-003
  9.7656250000000011E-001 -4.9637911642740479E-003  6.3210990389944875E-003
  9.7968750000000016E-001 -3.7707158606605368E-003  4.6426537958888184E-003
  9.8281250000000009E-001 -2.7307948659798763E-003  3.2525545702935749E-003
  9.8593750000000002E-001 -1.8493467040479972E-003  2.1318428045843702E-003
  9.8906250000000007E-001 -1.1319469342825222E-003  1.2634308911205103E-003
  9.9218750000000011E-001 -5.8444476698057252E-004  6.3185797720779905E-004
  9.9531250000000016E-001 -2.1298096801880217E-004  2.2308483279095099E-004
  9.9843750000000009E-001 -2.4007164915027742E-005  2.4320458937738379E-005
