 -9.9687499999999996E-001 -9.7649906069719768E-005  9.4630764240548158E-005
 -9.9062500000000009E-001 -9.0090380345185864E-004  8.2224013050373761E-004
 -9.8437500000000000E-001 -2.5684789814683687E-003  2.2081730923401155E-003
 -9.7812499999999991E-001 -5.1710146257222776E-003  4.1901512047856655E-003
 -9.7187500000000004E-001 -8.7874039183550544E-003  6.7144620362891046E-003
 -9.6562499999999996E-001 -1.3506039092183064E-002  9.7344046817148186E-003
 -9.5937500000000009E-001 -1.9426264205427472E-002  1.3209064017031128E-002
 -9.5312500000000000E-001 -2.6660063387750489E-002  1.7102340749629602E-002
 -9.4687499999999991E-001 -3.5334007652309998E-002  2.1382205574927184E-002
 -9.4062500000000004E-001 -4.5591469841857725E-002  2.6020153677354486E-002
 -9.3437499999999996E-001 -5.7595087058432894E-002  3.0990782302078749E-002
 -9.2812500000000009E-001 -7.1529389214130282E-002  3.6271356426704343E-002
 -9.2187500000000000E-001 -8.7603397167594438E-002  4.1841312056506347E-002
 -9.1562499999999991E-001 -1.0605278352280348E-001  4.7681855505073666E-002
 -9.0937500000000004E-001 -1.2714081680698480E-001  5.3775815961051958E-002
 -9.0312499999999996E-001 -1.5115667338756922E-001  6.0107588513810206E-002
 -8.9687500000000009E-001 -1.7840866618718615E-001  6.6662918731819121E-002
 -8.9062500000000000E-001 -2.0920838781586551E-001  7.3428653508930769E-002
 -8.8437499999999991E-001 -2.4383979064683559E-001  8.0392658959932015E-002
 -8.7812500000000004E-001 -2.8250563784109289E-001  8.7543752539904332E-002
 -8.7187499999999996E-001 -3.2524505324938735E-001  9.4871557828983391E-002
 -8.6562500000000009E-001 -3.7182512004826895E-001  1.0236642634690996E-001
 -8.5937500000000000E-001 -4.2163209221279729E-001  1.1001938698270038E-001
 -8.5312499999999991E-001 -4.7361934855950649E-001  1.1782205937067755E-001
 -8.4687500000000004E-001 -5.2638065103486786E-001  1.2576660434318165E-001
 -8.4062499999999996E-001 -5.7836790744927824E-001  1.3384567823121005E-001
 -8.3437500000000009E-001 -6.2817487972133845E-001  1.4205237934583340E-001
 -8.2812500000000000E-001 -6.7475494663342928E-001  1.5038021533159818E-001
 -8.2187499999999991E-001 -7.1749436213855988E-001  1.5882306411642699E-001
 -8.1562500000000004E-001 -7.5616020940526463E-001  1.6737514245748450E-001
 -8.0937499999999996E-001 -7.9079161228633721E-001  1.7603097875401491E-001
 -8.0312500000000009E-001 -8.2159133394827266E-001  1.8478538534601519E-001
 -7.9687500000000000E-001 -8.4884332676996055E-001  1.9363343707861250E-001
 -7.9062499999999991E-001 -8.7285918336573598E-001  2.0257044893536297E-001
 -7.8437500000000004E-001 -8.9394721666182630E-001  2.1159195780374238E-001
 -7.7812499999999996E-001 -9.1239660302736136E-001  2.2069370467970245E-001
 -7.7187500000000009E-001 -9.2847061099166617E-001  2.2987161901808315E-001
 -7.6562500000000000E-001 -9.4240491315995256E-001  2.3912180428180907E-001
 -7.5937499999999991E-001 -9.5440853039077189E-001  2.4844052461875452E-001
 -7.5312500000000004E-001 -9.6466599259470398E-001  2.5782419283948715E-001
 -7.4687499999999996E-001 -9.7333993686871900E-001  2.6726935911243549E-001
 -7.4062499999999998E-001 -9.8057373604566500E-001  2.7677270078211530E-001
 -7.3437500000000000E-001 -9.8649396113035137E-001  2.8633101274410327E-001
 -7.2812499999999991E-001 -9.9121259625446334E-001  2.9594119871445840E-001
 -7.2187500000000004E-001 -9.9482898548876397E-001  3.0560026297324944E-001
 -7.1562499999999996E-001 -9.9743152108072342E-001  3.1530530280426411E-001
 -7.0937499999999998E-001 -9.9909909622162996E-001  3.2505350134558131E-001
 -7.0312500000000000E-001 -9.9990235010019646E-001  3.3484212098190269E-001
 -6.9687499999999991E-001 -9.9990473311731976E-001  3.4466849708979552E-001
 -6.9062500000000004E-001 -9.9916341811930098E-001  3.5453003220710388E-001
 -6.8437499999999996E-001 -9.9773008063888868E-001  3.6442419050112768E-001
 -6.7812499999999998E-001 -9.9565156808581223E-001  3.7434849257055947E-001
 -6.7187500000000000E-001 -9.9297047492975343E-001  3.8430051049664693E-001
 -6.6562499999999991E-001 -9.8972563830932625E-001  3.9427786315691793E-001
 -6.5937500000000004E-001 -9.8595256622669536E-001  4.0427821174352724E-001
 -6.5312499999999996E-001 -9.8168380854285830E-001  4.1429925548681351E-001
 -6.4687499999999998E-001 -9.7694927934391429E-001  4.2433872754335256E-001
 -6.4062500000000000E-001 -9.7177653787203477E-001  4.3439439104181488E-001
 -6.3437499999999991E-001 -9.6619103406030638E-001  4.4446403525721379E-001
 -6.2812500000000004E-001 -9.6021632375210142E-001  4.5454547190257849E-001
 -6.2187499999999996E-001 -9.5387425788717317E-001  4.6463653151613854E-001
 -6.1562499999999998E-001 -9.4718514926775232E-001  4.7473505993071047E-001
 -6.0937500000000000E-001 -9.4016791996647175E-001  4.8483891480795249E-001
 -6.0312499999999991E-001 -9.3284023197208177E-001  4.9494596222316029E-001
 -5.9687500000000004E-001 -9.2521860328268701E-001  5.0505407328579632E-001
 -5.9062499999999996E-001 -9.1731851133113074E-001  5.1516112078108722E-001
 -5.8437499999999998E-001 -9.0915448535482368E-001  5.2526497581907783E-001
 -5.7812500000000000E-001 -9.0074018909230413E-001  5.3536350447612857E-001
 -5.7187499999999991E-001 -8.9208849499588050E-001  5.4545456441560125E-001
 -5.6562500000000004E-001 -8.8321155098526960E-001  5.5553600147249671E-001
 -5.5937499999999996E-001 -8.7412084062814999E-001  5.6560564618804687E-001
 -5.5312499999999998E-001 -8.6482723751573343E-001  5.7566131027860645E-001
 -5.4687500000000000E-001 -8.5534105450112974E-001  5.8570078302370709E-001
 -5.4062499999999991E-001 -8.4567208838082286E-001  5.9572182755655767E-001
 -5.3437500000000004E-001 -8.3582966052748731E-001  6.0572217704015918E-001
 -5.2812499999999996E-001 -8.2582265391820520E-001  6.1569953071070127E-001
 -5.2187499999999998E-001 -8.1565954694765608E-001  6.2565154976915349E-001
 -5.1562500000000000E-001 -8.0534844436935271E-001  6.3557585310034459E-001
 -5.0937499999999991E-001 -7.9489710566687222E-001  6.4547001279748517E-001
 -5.0312500000000004E-001 -7.8431297112190435E-001  6.5533154946813321E-001
 -4.9687500000000001E-001 -7.7360318581601328E-001  6.6515792729578060E-001
 -4.9062499999999998E-001 -7.6277462177540567E-001  6.7494654882878757E-001
 -4.8437499999999994E-001 -7.5183389844554172E-001  6.8469474946572884E-001
 -4.7812499999999997E-001 -7.4078740166218449E-001  6.9439979160341270E-001
 -4.7187499999999999E-001 -7.2964130126724136E-001  7.0405885841013571E-001
 -4.6562500000000001E-001 -7.1840156750307305E-001  7.1366904718308488E-001
 -4.5937499999999998E-001 -7.0707398630438489E-001  7.2322736224419726E-001
 -4.5312499999999994E-001 -6.9566417359591026E-001  7.3273070732377077E-001
 -4.4687499999999997E-001 -6.8417758869280576E-001  7.4217587737539870E-001
 -4.4062499999999999E-001 -6.7261954689139847E-001  7.5155954975898742E-001
 -4.3437500000000001E-001 -6.6099523133060867E-001  7.6087827472123648E-001
 -4.2812499999999998E-001 -6.4930970419783907E-001  7.7012846509407651E-001
 -4.2187499999999994E-001 -6.3756791734085083E-001  7.7930638512162953E-001
 -4.1562499999999997E-001 -6.2577472235388565E-001  7.8840813831461898E-001
 -4.0937499999999999E-001 -6.1393488018747844E-001  7.9742965421781176E-001
 -4.0312499999999996E-001 -6.0205307033701727E-001  8.0636667396052308E-001
 -3.9687499999999992E-001 -5.9013389965625507E-001  8.1521473444237003E-001
 -3.9062499999999994E-001 -5.7818191084140103E-001  8.2396915098523582E-001
 -3.8437499999999997E-001 -5.6620159062696462E-001  8.3262499825804870E-001
 -3.7812499999999999E-001 -5.5419737773258748E-001  8.4117708925230494E-001
 -3.7187499999999996E-001 -5.4217367059845989E-001  8.4961995205225338E-001
 -3.6562499999999992E-001 -5.3013483494410751E-001  8.5794780410393690E-001
 -3.5937499999999994E-001 -5.1808521118518680E-001  8.6615452364007384E-001
 -3.5312499999999997E-001 -5.0602912174062431E-001  8.7423361786150244E-001
 -3.4687499999999999E-001 -4.9397087826185154E-001  8.8217818740903509E-001
 -3.4062499999999996E-001 -4.8191478881730992E-001  8.8998088657920904E-001
 -3.3437499999999992E-001 -4.6986516505839521E-001  8.9763387864078281E-001
 -3.2812499999999994E-001 -4.5782632940404144E-001  9.0512878549211750E-001
 -3.2187499999999997E-001 -4.4580262226989170E-001  9.1245663075751526E-001
 -3.1562499999999999E-001 -4.3379840937553826E-001  9.1960777524735160E-001
 -3.0937499999999996E-001 -4.2181808916110763E-001  9.2657184349420818E-001
 -3.0312499999999992E-001 -4.0986610034627374E-001  9.3333763981454765E-001
 -2.9687499999999994E-001 -3.9794692966552736E-001  9.3989305201940210E-001
 -2.9062499999999997E-001 -3.8606511981506697E-001  9.4622494049035133E-001
 -2.8437499999999999E-001 -3.7422527764870500E-001  9.5231900982433104E-001
 -2.7812499999999996E-001 -3.6243208266169380E-001  9.5815965960175731E-001
 -2.7187499999999992E-001 -3.5069029580467770E-001  9.6372981000381264E-001
 -2.6562499999999994E-001 -3.3900476867183194E-001  9.6901069693850939E-001
 -2.5937499999999997E-001 -3.2738045311156305E-001  9.7398162995163107E-001
 -2.5312499999999999E-001 -3.1582241131022615E-001  9.7861970438669199E-001
 -2.4687499999999996E-001 -3.0433582640719919E-001  9.8289945686136015E-001
 -2.4062499999999992E-001 -2.9292601369885529E-001  9.8679244992465731E-001
 -2.3437499999999994E-001 -2.8159843250028299E-001  9.9026676742780118E-001
 -2.2812499999999997E-001 -2.7035869873621915E-001  9.9328639621332082E-001
 -2.2187499999999999E-001 -2.5921259834141419E-001  9.9581046150154306E-001
 -2.1562499999999996E-001 -2.4816610155800789E-001  9.9779227177430596E-001
 -2.0937499999999992E-001 -2.3722537822827988E-001  9.9917811239051724E-001
 -2.0312499999999994E-001 -2.2639681418781565E-001  9.9990570304995552E-001
 -1.9687499999999997E-001 -2.1568702888208871E-001  9.9990219841681938E-001
 -1.9062499999999999E-001 -2.0510289433730400E-001  9.9908155689930922E-001
 -1.8437499999999996E-001 -1.9465155563500669E-001  9.9734101817543164E-001
 -1.7812499999999992E-001 -1.8434045305695296E-001  9.9455629527923128E-001
 -1.7187499999999994E-001 -1.7417734608668822E-001  9.9057486513806559E-001
 -1.6562499999999997E-001 -1.6417033947781601E-001  9.8520636295660013E-001
 -1.5937499999999999E-001 -1.5432791162483733E-001  9.7820841357714383E-001
 -1.5312499999999996E-001 -1.4465894550496153E-001  9.6926498093661217E-001
 -1.4687499999999992E-001 -1.3517276249088261E-001  9.5795185056625309E-001
 -1.4062499999999994E-001 -1.2587915937910116E-001  9.4367866491368335E-001
 -1.3437499999999997E-001 -1.1678844902259890E-001  9.2558506172185973E-001
 -1.2812499999999999E-001 -1.0791150501287619E-001  9.0233842417654087E-001
 -1.2187499999999996E-001 -9.9259810917510641E-002  8.7169221211060366E-001
 -1.1562499999999992E-001 -9.0845514656239357E-002  8.2933312539895110E-001
 -1.0937499999999994E-001 -8.2681488681507848E-002  7.6487118404536703E-001
 -1.0312499999999997E-001 -7.4781396731871980E-002  6.3769260795712635E-001
 -9.6874999999999989E-002 -6.7159768044842943E-002  3.6179711043848128E-001
 -9.0624999999999956E-002 -5.9832080053379477E-002  2.3564910790297947E-001
 -8.4374999999999922E-002 -5.2814850755816586E-002  1.7086712010703833E-001
 -7.8124999999999944E-002 -4.6125742141157895E-002  1.2838846010353178E-001
 -7.1874999999999967E-002 -3.9783676282427072E-002  9.7699986404931424E-002
 -6.5624999999999989E-002 -3.3808965982392108E-002  7.4436518372897914E-002
 -5.9374999999999956E-002 -2.8223462181433026E-002  5.6334692916835537E-002
 -5.3124999999999922E-002 -2.3050720724075789E-002  4.2056843148390727E-002
 -4.6874999999999944E-002 -1.8316191544404344E-002  3.0740825724443210E-002
 -4.0624999999999967E-002 -1.4047433884980818E-002  2.1795509760693811E-002
 -3.4374999999999989E-002 -1.0274361826937386E-002  1.4796292694731778E-002
 -2.8124999999999956E-002 -7.0295252093657036E-003  9.4269237698971116E-003
 -2.1874999999999922E-002 -4.3484320205002206E-003  5.4449003849827383E-003
 -1.5624999999999944E-002 -2.2699194212582232E-003  2.6597781654722472E-003
 -9.3749999999999667E-003 -8.3658190481407542E-004  9.1898277255854279E-004
 -3.1249999999999889E-003 -9.5266888627448432E-005  9.8194004488238979E-005
  3.1250000000000444E-003 -9.7649906037566966E-005  9.4630764240545827E-005
  9.3750000000000222E-003 -9.0090380335163195E-004  8.2224013050374921E-004
  1.5625000000000000E-002 -2.5684789812945785E-003  2.2081730923400999E-003
  2.1875000000000089E-002 -5.1710146254689195E-003  4.1901512047856429E-003
  2.8125000000000067E-002 -8.7874039180152047E-003  6.7144620362891202E-003
  3.4375000000000044E-002 -1.3506039091749236E-002  9.7344046817148550E-003
  4.0625000000000022E-002 -1.9426264204890693E-002  1.3209064017031117E-002
  4.6875000000000000E-002 -2.6660063387101259E-002  1.7102340749629606E-002
  5.3125000000000089E-002 -3.5334007651538255E-002  2.1382205574927222E-002
  5.9375000000000067E-002 -4.5591469840949250E-002  2.6020153677354389E-002
  6.5625000000000044E-002 -5.7595087057373782E-002  3.0990782302078870E-002
  7.1875000000000022E-002 -7.1529389212905151E-002  3.6271356426704524E-002
  7.8125000000000000E-002 -8.7603397166187702E-002  4.1841312056506076E-002
  8.4375000000000089E-002 -1.0605278352119057E-001  4.7681855505073777E-002
  9.0625000000000067E-002 -1.2714081680514300E-001  5.3775815961052131E-002
  9.6875000000000044E-002 -1.5115667338547303E-001  6.0107588513810317E-002
  1.0312500000000002E-001 -1.7840866618481799E-001  6.6662918731819107E-002
  1.0937500000000000E-001 -2.0920838781319645E-001  7.3428653508930561E-002
  1.1562500000000009E-001 -2.4383979064382538E-001  8.0392658959931959E-002
  1.2187500000000007E-001 -2.8250563783776500E-001  8.7543752539903957E-002
  1.2812500000000004E-001 -3.2524505324573022E-001  9.4871557828983447E-002
  1.3437500000000002E-001 -3.7182512004431600E-001  1.0236642634691040E-001
  1.4062500000000000E-001 -4.2163209220858644E-001  1.1001938698270039E-001
  1.4687500000000009E-001 -4.7361934855519988E-001  1.1782205937067732E-001
  1.5312500000000007E-001 -5.2638065103056508E-001  1.2576660434318154E-001
  1.5937500000000004E-001 -5.7836790744507782E-001  1.3384567823121007E-001
  1.6562500000000002E-001 -6.2817487971739072E-001  1.4205237934583290E-001
  1.7187500000000000E-001 -6.7475494662976909E-001  1.5038021533159782E-001
  1.7812500000000009E-001 -7.1749436213525508E-001  1.5882306411642738E-001
  1.8437500000000007E-001 -7.5616020940226081E-001  1.6737514245748494E-001
  1.9062500000000004E-001 -7.9079161228368733E-001  1.7603097875401436E-001
  1.9687500000000013E-001 -8.2159133394590378E-001  1.8478538534601488E-001
  2.0312500000000011E-001 -8.4884332676786245E-001  1.9363343707861314E-001
  2.0937500000000009E-001 -8.7285918336389590E-001  2.0257044893536241E-001
  2.1562500000000007E-001 -8.9394721666019294E-001  2.1159195780374199E-001
  2.2187500000000004E-001 -9.1239660302594006E-001  2.2069370467970281E-001
  2.2812500000000013E-001 -9.2847061099042683E-001  2.2987161901808384E-001
  2.3437500000000011E-001 -9.4240491315890995E-001  2.3912180428180946E-001
  2.4062500000000009E-001 -9.5440853038986728E-001  2.4844052461875479E-001
  2.4687500000000007E-001 -9.6466599259394892E-001  2.5782419283948665E-001
  2.5312500000000004E-001 -9.7333993686807596E-001  2.6726935911243532E-001
  2.5937500000000013E-001 -9.8057373604513054E-001  2.7677270078211652E-001
  2.6562500000000011E-001 -9.8649396112990884E-001  2.8633101274410355E-001
  2.7187500000000009E-001 -9.9121259625413038E-001  2.9594119871445962E-001
  2.7812500000000007E-001 -9.9482898548850818E-001  3.0560026297325049E-001
  2.8437500000000004E-001 -9.9743152108053224E-001  3.1530530280426494E-001
  2.9062500000000013E-001 -9.9909909622151771E-001  3.2505350134558103E-001
  2.9687500000000011E-001 -9.9990235010014361E-001  3.3484212098190153E-001
  3.0312500000000009E-001 -9.9990473311733274E-001  3.4466849708979524E-001
  3.0937500000000007E-001 -9.9916341811940113E-001  3.5453003220710116E-001
  3.1562500000000004E-001 -9.9773008063903057E-001  3.6442419050112590E-001
  3.2187500000000013E-001 -9.9565156808601940E-001  3.7434849257056174E-001
  3.2812500000000011E-001 -9.9297047493000945E-001  3.8430051049664776E-001
  3.3437500000000009E-001 -9.8972563830963867E-001  3.9427786315691599E-001
  3.4062500000000007E-001 -9.8595256622703165E-001  4.0427821174352635E-001
  3.4687500000000004E-001 -9.8168380854321702E-001  4.1429925548681301E-001
  3.5312500000000013E-001 -9.7694927934433196E-001  4.2433872754335344E-001
  3.5937500000000011E-001 -9.7177653787249763E-001  4.3439439104181604E-001
  3.6562500000000009E-001 -9.6619103406078977E-001  4.4446403525721490E-001
  3.7187500000000007E-001 -9.6021632375258847E-001  4.5454547190257688E-001
  3.7812500000000004E-001 -9.5387425788768121E-001  4.6463653151613621E-001
  3.8437500000000013E-001 -9.4718514926829700E-001  4.7473505993071091E-001
  3.9062500000000011E-001 -9.4016791996704052E-001  4.8483891480795321E-001
  3.9687500000000009E-001 -9.3284023197267307E-001  4.9494596222315806E-001
  4.0312500000000007E-001 -9.2521860328329986E-001  5.0505407328579155E-001
  4.0937500000000004E-001 -9.1731851133180742E-001  5.1516112078109011E-001
  4.1562500000000013E-001 -9.0915448535550725E-001  5.2526497581907894E-001
  4.2187500000000011E-001 -9.0074018909298559E-001  5.3536350447612790E-001
  4.2812500000000009E-001 -8.9208849499658716E-001  5.4545456441560358E-001
  4.3437500000000007E-001 -8.8321155098598747E-001  5.5553600147250271E-001
  4.4062500000000004E-001 -8.7412084062888229E-001  5.6560564618805032E-001
  4.4687500000000013E-001 -8.6482723751652602E-001  5.7566131027860667E-001
  4.5312500000000011E-001 -8.5534105450193643E-001  5.8570078302370820E-001
  4.5937500000000009E-001 -8.4567208838163577E-001  5.9572182755655845E-001
  4.6562500000000007E-001 -8.3582966052830443E-001  6.0572217704016051E-001
  4.7187500000000004E-001 -8.2582265391901710E-001  6.1569953071070072E-001
  4.7812500000000013E-001 -8.1565954694851062E-001  6.2565154976915094E-001
  4.8437500000000011E-001 -8.0534844437020214E-001  6.3557585310034181E-001
  4.9062500000000009E-001 -7.9489710566771832E-001  6.4547001279748384E-001
  4.9687500000000007E-001 -7.8431297112278453E-001  6.5533154946813021E-001
  5.0312500000000004E-001 -7.7360318581691434E-001  6.6515792729577983E-001
  5.0937500000000013E-001 -7.6277462177627431E-001  6.7494654882878979E-001
  5.1562500000000011E-001 -7.5183389844643211E-001  6.8469474946573194E-001
  5.2187500000000009E-001 -7.4078740166307644E-001  6.9439979160341148E-001
  5.2812500000000007E-001 -7.2964130126816074E-001  7.0405885841013671E-001
  5.3437500000000004E-001 -7.1840156750401174E-001  7.1366904718308466E-001
  5.4062500000000013E-001 -7.0707398630531082E-001  7.2322736224419426E-001
  5.4687500000000011E-001 -6.9566417359684363E-001  7.3273070732376855E-001
  5.5312500000000009E-001 -6.8417758869376621E-001  7.4217587737539836E-001
  5.5937500000000007E-001 -6.7261954689234216E-001  7.5155954975899020E-001
  5.6562500000000004E-001 -6.6099523133157645E-001  7.6087827472124048E-001
  5.7187500000000013E-001 -6.4930970419879086E-001  7.7012846509407396E-001
  5.7812500000000011E-001 -6.3756791734181517E-001  7.7930638512162620E-001
  5.8437500000000009E-001 -6.2577472235486820E-001  7.8840813831462220E-001
  5.9062500000000007E-001 -6.1393488018844289E-001  7.9742965421780843E-001
  5.9687500000000004E-001 -6.0205307033798272E-001  8.0636667396052120E-001
  6.0312500000000013E-001 -5.9013389965722651E-001  8.1521473444237447E-001
  6.0937500000000011E-001 -5.7818191084238757E-001  8.2396915098523260E-001
  6.1562500000000009E-001 -5.6620159062795539E-001  8.3262499825804770E-001
  6.2187500000000007E-001 -5.5419737773357614E-001  8.4117708925230961E-001
  6.2812500000000004E-001 -5.4217367059943578E-001  8.4961995205225815E-001
  6.3437500000000013E-001 -5.3013483494509406E-001  8.5794780410393834E-001
  6.4062500000000011E-001 -5.1808521118617490E-001  8.6615452364007617E-001
  6.4687500000000009E-001 -5.0602912174161951E-001  8.7423361786150122E-001
  6.5312500000000007E-001 -4.9397087826284825E-001  8.8217818740903664E-001
  6.5937500000000004E-001 -4.8191478881829786E-001  8.8998088657920593E-001
  6.6562500000000013E-001 -4.6986516505938525E-001  8.9763387864078248E-001
  6.7187500000000011E-001 -4.5782632940501750E-001  9.0512878549211817E-001
  6.7812500000000009E-001 -4.4580262227088430E-001  9.1245663075752159E-001
  6.8437500000000007E-001 -4.3379840937651881E-001  9.1960777524735382E-001
  6.9062500000000004E-001 -4.2181808916209124E-001  9.2657184349420740E-001
  6.9687500000000013E-001 -4.0986610034725457E-001  9.3333763981454398E-001
  7.0312500000000011E-001 -3.9794692966650425E-001  9.3989305201940132E-001
  7.0937500000000009E-001 -3.8606511981604441E-001  9.4622494049034933E-001
  7.1562500000000007E-001 -3.7422527764966762E-001  9.5231900982433060E-001
  7.2187500000000004E-001 -3.6243208266266352E-001  9.5815965960175786E-001
  7.2812500000000013E-001 -3.5069029580563416E-001  9.6372981000381308E-001
  7.3437500000000011E-001 -3.3900476867277540E-001  9.6901069693851394E-001
  7.4062500000000009E-001 -3.2738045311251240E-001  9.7398162995163584E-001
  7.4687500000000007E-001 -3.1582241131116262E-001  9.7861970438669088E-001
  7.5312500000000004E-001 -3.0433582640813156E-001  9.8289945686136071E-001
  7.5937500000000013E-001 -2.9292601369979243E-001  9.8679244992465232E-001
  7.6562500000000011E-001 -2.8159843250121513E-001  9.9026676742779829E-001
  7.7187500000000009E-001 -2.7035869873713914E-001  9.9328639621332226E-001
  7.7812500000000007E-001 -2.5921259834231603E-001  9.9581046150154540E-001
  7.8437500000000004E-001 -2.4816610155890839E-001  9.9779227177430452E-001
  7.9062500000000013E-001 -2.3722537822917289E-001  9.9917811239051457E-001
  7.9687500000000011E-001 -2.2639681418869506E-001  9.9990570304995097E-001
  8.0312500000000009E-001 -2.1568702888296037E-001  9.9990219841681849E-001
  8.0937500000000007E-001 -2.0510289433816611E-001  9.9908155689930700E-001
  8.1562500000000004E-001 -1.9465155563585887E-001  9.9734101817542498E-001
  8.2187500000000013E-001 -1.8434045305779406E-001  9.9455629527923106E-001
  8.2812500000000011E-001 -1.7417734608750848E-001  9.9057486513806992E-001
  8.3437500000000009E-001 -1.6417033947863122E-001  9.8520636295659358E-001
  8.4062500000000007E-001 -1.5432791162563375E-001  9.7820841357714139E-001
  8.4687500000000004E-001 -1.4465894550574310E-001  9.6926498093661473E-001
  8.5312500000000013E-001 -1.3517276249165056E-001  9.5795185056625376E-001
  8.5937500000000011E-001 -1.2587915937984995E-001  9.4367866491368435E-001
  8.6562500000000009E-001 -1.1678844902333438E-001  9.2558506172186694E-001
  8.7187500000000007E-001 -1.0791150501358988E-001  9.0233842417653676E-001
  8.7812500000000004E-001 -9.9259810918212343E-002  8.7169221211059666E-001
  8.8437500000000013E-001 -9.0845514656916149E-002  8.2933312539895365E-001
  8.9062500000000011E-001 -8.2681488682166931E-002  7.6487118404537557E-001
  8.9687500000000009E-001 -7.4781396732508235E-002  6.3769260795711991E-001
  9.0312500000000007E-001 -6.7159768045453441E-002  3.6179711043848456E-001
  9.0937500000000004E-001 -5.9832080053966410E-002  2.3564910790297761E-001
  9.1562500000000013E-001 -5.2814850756378616E-002  1.7086712010703703E-001
  9.2187500000000011E-001 -4.6125742141690476E-002  1.2838846010353308E-001
  9.2812500000000009E-001 -3.9783676282930940E-002  9.7699986404932368E-002
  9.3437500000000007E-001 -3.3808965982865868E-002  7.4436518372898039E-002
  9.4062500000000004E-001 -2.8223462181873667E-002  5.6334692916835336E-002
  9.4687500000000013E-001 -2.3050720724481336E-002  4.2056843148390734E-002
  9.5312500000000011E-001 -1.8316191544773121E-002  3.0740825724443234E-002
  9.5937500000000009E-001 -1.4047433885310497E-002  2.1795509760693735E-002
  9.6562500000000007E-001 -1.0274361827224882E-002  1.4796292694731827E-002
  9.7187500000000004E-001 -7.0295252096087332E-003  9.4269237698971046E-003
  9.7812500000000013E-001 -4.3484320206955548E-003  5.4449003849827158E-003
  9.8437500000000011E-001 -2.2699194214025652E-003  2.6597781654722433E-003
  9.9062500000000009E-001 -8.3658190490374154E-004  9.1898277255853726E-004
  9.9687500000000007E-001 -9.5266888658428439E-005  9.8194004488238925E-005
