 -9.9375000000000002E-001 -3.9535946093114283E-004  3.7178817784752681E-004
 -9.8124999999999996E-001 -3.7481530201721423E-003  3.1290441597770537E-003
 -9.6875000000000000E-001 -1.1003007019521635E-002  8.1676879524183559E-003
 -9.5625000000000004E-001 -2.2871422882967288E-002  1.5110321627052876E-002
 -9.4374999999999998E-001 -4.0255116004141743E-002  2.3665305951697909E-002
 -9.3125000000000002E-001 -6.4308441572119512E-002  3.3601551865804852E-002
 -9.1874999999999996E-001 -9.6515358233807441E-002  4.4734362402213713E-002
 -9.0625000000000000E-001 -1.3876381704036822E-001  5.6915805780915867E-002
 -8.9375000000000004E-001 -1.9334616841643729E-001  7.0022738515660959E-002
 -8.8124999999999998E-001 -2.6266095441381787E-001  8.3947814432867834E-002
 -8.6875000000000002E-001 -3.4808337213285767E-001  9.8600202814206589E-002
 -8.5624999999999996E-001 -4.4743457532514758E-001  1.1390381556946501E-001
 -8.4375000000000000E-001 -5.5256542429565980E-001  1.2979089962676679E-001
 -8.3125000000000004E-001 -6.5191662769442704E-001  1.4620237736865033E-001
 -8.1874999999999998E-001 -7.3733904560520602E-001  1.6308657704832166E-001
 -8.0625000000000002E-001 -8.0665383170416716E-001  1.8039677771962567E-001
 -7.9374999999999996E-001 -8.6123618312536632E-001  1.9809164772716051E-001
 -7.8125000000000000E-001 -9.0348464195597389E-001  2.1613351410457693E-001
 -7.6875000000000004E-001 -9.3569155863972431E-001  2.3448831010214494E-001
 -7.5624999999999998E-001 -9.5974488423583293E-001  2.5312480687285738E-001
 -7.4375000000000002E-001 -9.7712857737329673E-001  2.7201426379067545E-001
 -7.3124999999999996E-001 -9.8899699318018708E-001  2.9113008403442125E-001
 -7.1875000000000000E-001 -9.9625184706666270E-001  3.1044745501390020E-001
 -7.0624999999999993E-001 -9.9960464055242515E-001  3.2994314716565842E-001
 -6.9374999999999998E-001 -9.9962368764586429E-001  3.4959522807775006E-001
 -6.8125000000000002E-001 -9.9676871557833169E-001  3.6938290989239647E-001
 -6.6874999999999996E-001 -9.9141623188016759E-001  3.8928633554791964E-001
 -6.5625000000000000E-001 -9.8387822015717619E-001  4.0928644651687485E-001
 -6.4374999999999993E-001 -9.7441604774325707E-001  4.2936482141204491E-001
 -6.3124999999999998E-001 -9.6325092613158492E-001  4.4950355473173648E-001
 -6.1875000000000002E-001 -9.5057187030407775E-001  4.6968512889688169E-001
 -6.0624999999999996E-001 -9.3654182538838548E-001  4.8989229954358571E-001
 -5.9375000000000000E-001 -9.2130243592727679E-001  5.1010798588067652E-001
 -5.8124999999999993E-001 -9.0497779875169249E-001  5.3031515891339853E-001
 -5.6874999999999998E-001 -8.8767744659994885E-001  5.5049673821956813E-001
 -5.5625000000000002E-001 -8.6949874351526346E-001  5.7063547886265642E-001
 -5.4374999999999996E-001 -8.5052882605117719E-001  5.9071386474700938E-001
 -5.3125000000000000E-001 -8.3084619056109221E-001  6.1071398853127845E-001
 -5.1874999999999993E-001 -8.1052200236562078E-001  6.3061743252169555E-001
 -5.0624999999999998E-001 -7.8962118465643172E-001  6.5040513378290621E-001
 -4.9374999999999997E-001 -7.6820333173162436E-001  6.7005724283941026E-001
 -4.8124999999999996E-001 -7.4632348125586168E-001  6.8955296324314541E-001
 -4.6875000000000000E-001 -7.2403277278784606E-001  7.0887037578923118E-001
 -4.5624999999999999E-001 -7.0137901416242299E-001  7.2798623746702584E-001
 -4.4374999999999998E-001 -6.7840717299513786E-001  7.4687575378535176E-001
 -4.3124999999999997E-001 -6.5515980725481304E-001  7.6551231514351148E-001
 -4.1874999999999996E-001 -6.3167744628937650E-001  7.8386719090811641E-001
 -4.0624999999999994E-001 -6.0799893169278718E-001  8.0190916968090964E-001
 -3.9374999999999993E-001 -5.8416172587733439E-001  8.1960413337278282E-001
 -3.8124999999999998E-001 -5.6020219500757285E-001  8.3691454771299734E-001
 -3.6874999999999997E-001 -5.3615587205334259E-001  8.5379884744914192E-001
 -3.5624999999999996E-001 -5.1205770502733516E-001  8.7021068706839322E-001
 -3.4374999999999994E-001 -4.8794229497514330E-001  8.8609801844435776E-001
 -3.3124999999999993E-001 -4.6384412794914698E-001  9.0140194302180265E-001
 -3.1874999999999998E-001 -4.3979780499492604E-001  9.1605526679154514E-001
 -3.0624999999999997E-001 -4.1583827412517838E-001  9.2998065791033080E-001
 -2.9374999999999996E-001 -3.9200106830975923E-001  9.4308826491919551E-001
 -2.8124999999999994E-001 -3.6832255371320899E-001  9.5527258988872377E-001
 -2.6874999999999993E-001 -3.4484019274764988E-001  9.6640831225564916E-001
 -2.5624999999999998E-001 -3.2159282700790093E-001  9.7634460189560190E-001
 -2.4374999999999997E-001 -2.9862098584074248E-001  9.8489720168654993E-001
 -2.3124999999999996E-001 -2.7596722721556449E-001  9.9183712007921976E-001
 -2.1874999999999994E-001 -2.5367651874779612E-001  9.9687399474502525E-001
 -2.0624999999999993E-001 -2.3179666827212525E-001  9.9963073948506498E-001
 -1.9374999999999998E-001 -2.1037881534763919E-001  9.9960323730124256E-001
 -1.8124999999999997E-001 -1.8947799763887288E-001  9.9609284481007043E-001
 -1.6874999999999996E-001 -1.6915380944391856E-001  9.8808574515818182E-001
 -1.5624999999999994E-001 -1.4947117395469178E-001  9.7401829528089978E-001
 -1.4374999999999993E-001 -1.3050125649163910E-001  9.5126567062301171E-001
 -1.3124999999999998E-001 -1.1232255340834249E-001  9.1482808323382547E-001
 -1.1874999999999997E-001 -9.5022201258718186E-002  8.5307774634672606E-001
 -1.0624999999999996E-001 -7.8697564086296939E-002  7.1729223075163961E-001
 -9.3749999999999944E-002 -6.3458174629897196E-002  2.8325181487836593E-001
 -8.1249999999999933E-002 -4.9428129721709277E-002  1.4751080279594453E-001
 -6.8749999999999978E-002 -3.6749073906736096E-002  8.5301758945142456E-002
 -5.6249999999999967E-002 -2.5583952316956690E-002  4.8789530964782023E-002
 -4.3749999999999956E-002 -1.6121779941697022E-002  2.6007505324534864E-002
 -3.1249999999999944E-002 -8.5837682619976999E-003  1.1926806434775212E-002
 -1.8749999999999933E-002 -3.2312845047080376E-003  3.9134257235786552E-003
 -6.2499999999999778E-003 -3.7631236684063655E-004  4.0018255336498649E-004
  6.2499999999999778E-003 -3.9535946086561820E-004  3.7178817784752486E-004
  1.8750000000000044E-002 -3.7481530199593833E-003  3.1290441597770376E-003
  3.1250000000000111E-002 -1.1003007019135876E-002  8.1676879524184044E-003
  4.3750000000000067E-002 -2.2871422882376074E-002  1.5110321627052890E-002
  5.6250000000000022E-002 -4.0255116003302220E-002  2.3665305951697971E-002
  6.8749999999999978E-002 -6.4308441570978897E-002  3.3601551865804671E-002
  8.1250000000000044E-002 -9.6515358232294790E-002  4.4734362402213776E-002
  9.3750000000000111E-002 -1.3876381703839338E-001  5.6915805780916054E-002
  1.0625000000000007E-001 -1.9334616841391974E-001  7.0022738515660890E-002
  1.1875000000000002E-001 -2.6266095441064985E-001  8.3947814432867737E-002
  1.3124999999999998E-001 -3.4808337212904911E-001  9.8600202814206478E-002
  1.4375000000000004E-001 -4.4743457532090236E-001  1.1390381556946487E-001
  1.5625000000000011E-001 -5.5256542429141153E-001  1.2979089962676682E-001
  1.6875000000000007E-001 -6.5191662769064296E-001  1.4620237736865044E-001
  1.8125000000000002E-001 -7.3733904560205854E-001  1.6308657704832208E-001
  1.9375000000000009E-001 -8.0665383170164606E-001  1.8039677771962537E-001
  2.0625000000000016E-001 -8.6123618312338612E-001  1.9809164772716092E-001
  2.1875000000000011E-001 -9.0348464195450207E-001  2.1613351410457690E-001
  2.3125000000000007E-001 -9.3569155863857745E-001  2.3448831010214505E-001
  2.4375000000000002E-001 -9.5974488423501603E-001  2.5312480687285766E-001
  2.5625000000000009E-001 -9.7712857737270564E-001  2.7201426379067617E-001
  2.6875000000000016E-001 -9.8899699317981338E-001  2.9113008403442164E-001
  2.8125000000000011E-001 -9.9625184706645431E-001  3.1044745501390009E-001
  2.9375000000000007E-001 -9.9960464055237863E-001  3.2994314716565870E-001
  3.0625000000000002E-001 -9.9962368764592946E-001  3.4959522807775051E-001
  3.1875000000000009E-001 -9.9676871557849789E-001  3.6938290989239658E-001
  3.3125000000000016E-001 -9.9141623188042427E-001  3.8928633554791975E-001
  3.4375000000000011E-001 -9.8387822015753090E-001  4.0928644651687679E-001
  3.5625000000000007E-001 -9.7441604774366253E-001  4.2936482141204552E-001
  3.6875000000000002E-001 -9.6325092613208918E-001  4.4950355473173681E-001
  3.8125000000000009E-001 -9.5057187030462786E-001  4.6968512889688158E-001
  3.9375000000000016E-001 -9.3654182538900876E-001  4.8989229954358582E-001
  4.0625000000000011E-001 -9.2130243592790229E-001  5.1010798588067630E-001
  4.1875000000000007E-001 -9.0497779875236262E-001  5.3031515891339887E-001
  4.3125000000000002E-001 -8.8767744660066517E-001  5.5049673821956957E-001
  4.4375000000000009E-001 -8.6949874351602585E-001  5.7063547886265675E-001
  4.5625000000000016E-001 -8.5052882605197566E-001  5.9071386474700915E-001
  4.6875000000000011E-001 -8.3084619056192754E-001  6.1071398853127912E-001
  4.8125000000000007E-001 -8.1052200236644978E-001  6.3061743252169788E-001
  4.9375000000000002E-001 -7.8962118465730669E-001  6.5040513378290910E-001
  5.0625000000000009E-001 -7.6820333173252608E-001  6.7005724283941126E-001
  5.1875000000000016E-001 -7.4632348125676173E-001  6.8955296324314785E-001
  5.3125000000000011E-001 -7.2403277278878064E-001  7.0887037578923306E-001
  5.4375000000000007E-001 -7.0137901416337245E-001  7.2798623746702418E-001
  5.5625000000000002E-001 -6.7840717299606768E-001  7.4687575378535120E-001
  5.6875000000000009E-001 -6.5515980725576473E-001  7.6551231514351215E-001
  5.8125000000000016E-001 -6.3167744629035527E-001  7.8386719090811519E-001
  5.9375000000000011E-001 -6.0799893169375485E-001  8.0190916968091053E-001
  6.0625000000000007E-001 -5.8416172587830972E-001  8.1960413337278504E-001
  6.1875000000000002E-001 -5.6020219500855184E-001  8.3691454771299689E-001
  6.3125000000000009E-001 -5.3615587205432180E-001  8.5379884744914414E-001
  6.4375000000000016E-001 -5.1205770502833292E-001  8.7021068706839133E-001
  6.5625000000000011E-001 -4.8794229497613101E-001  8.8609801844435432E-001
  6.6875000000000007E-001 -4.6384412795012808E-001  9.0140194302179844E-001
  6.8125000000000002E-001 -4.3979780499590304E-001  9.1605526679154436E-001
  6.9375000000000009E-001 -4.1583827412616614E-001  9.2998065791033013E-001
  7.0625000000000016E-001 -3.9200106831072529E-001  9.4308826491919451E-001
  7.1875000000000011E-001 -3.6832255371417444E-001  9.5527258988872421E-001
  7.3125000000000007E-001 -3.4484019274861277E-001  9.6640831225564905E-001
  7.4375000000000002E-001 -3.2159282700885616E-001  9.7634460189560290E-001
  7.5625000000000009E-001 -2.9862098584167218E-001  9.8489720168654893E-001
  7.6875000000000016E-001 -2.7596722721648392E-001  9.9183712007921931E-001
  7.8125000000000011E-001 -2.5367651874869979E-001  9.9687399474502758E-001
  7.9375000000000007E-001 -2.3179666827301204E-001  9.9963073948506687E-001
  8.0625000000000002E-001 -2.1037881534850766E-001  9.9960323730124268E-001
  8.1875000000000009E-001 -1.8947799763971460E-001  9.9609284481007154E-001
  8.3125000000000016E-001 -1.6915380944473987E-001  9.8808574515818182E-001
  8.4375000000000011E-001 -1.4947117395548037E-001  9.7401829528089745E-001
  8.5625000000000007E-001 -1.3050125649239963E-001  9.5126567062300904E-001
  8.6875000000000002E-001 -1.1232255340906915E-001  9.1482808323382281E-001
  8.8125000000000009E-001 -9.5022201259404970E-002  8.5307774634672762E-001
  8.9375000000000016E-001 -7.8697564086942437E-002  7.1729223075163195E-001
  9.0625000000000011E-001 -6.3458174630498937E-002  2.8325181487836559E-001
  9.1875000000000007E-001 -4.9428129722257567E-002  1.4751080279594439E-001
  9.3125000000000002E-001 -3.6749073907225524E-002  8.5301758945142567E-002
  9.4375000000000009E-001 -2.5583952317380178E-002  4.8789530964781912E-002
  9.5625000000000016E-001 -1.6121779942046319E-002  2.6007505324534826E-002
  9.6875000000000011E-001 -8.5837682622634734E-003  1.1926806434775205E-002
  9.8125000000000007E-001 -3.2312845048783284E-003  3.9134257235786535E-003
  9.9375000000000002E-001 -3.7631236690150729E-004  4.0018255336499132E-004
