 -9.8750000000000004E-001 -1.6224164412028835E-003  1.4330608702289895E-003
 -9.6249999999999991E-001 -1.6309271657330655E-002  1.1433730979300758E-002
 -9.3750000000000000E-001 -5.1364020362495447E-002  2.8505471725782019E-002
 -9.1250000000000009E-001 -1.1624945627971164E-001  5.0741974179569521E-002
 -8.8749999999999996E-001 -2.2602973722483660E-001  7.6904402721247406E-002
 -8.6250000000000004E-001 -3.9638061773541111E-001  1.0618001592417030E-001
 -8.3749999999999991E-001 -6.0361938197767873E-001  1.3794437515547023E-001
 -8.1250000000000000E-001 -7.7397026285479864E-001  1.7169420057143628E-001
 -7.8750000000000009E-001 -8.8375054389937802E-001  2.0707559904598330E-001
 -7.6249999999999996E-001 -9.4863597986282888E-001  2.4377568651922407E-001
 -7.3750000000000004E-001 -9.8369072858255802E-001  2.8154768100679284E-001
 -7.1249999999999991E-001 -9.9837758360023066E-001  3.2017616128706317E-001
 -6.8750000000000000E-001 -9.9853021822875421E-001  3.5947487890962848E-001
 -6.6249999999999998E-001 -9.8790303199932372E-001  3.9927672237805267E-001
 -6.3749999999999996E-001 -9.6903386696037830E-001  4.3942893950047096E-001
 -6.1250000000000004E-001 -9.4371641772142789E-001  4.7978757121968535E-001
 -5.8749999999999991E-001 -9.1326861673573245E-001  5.2021475375436599E-001
 -5.6250000000000000E-001 -8.7869222330482843E-001  5.6057344081713045E-001
 -5.3749999999999998E-001 -8.4077199212089693E-001  6.0072585377975740E-001
 -5.1249999999999996E-001 -8.0013983232556107E-001  6.4052789115382158E-001
 -4.8749999999999999E-001 -7.5731787564437725E-001  6.7982704776846692E-001
 -4.6249999999999997E-001 -7.1274840301432252E-001  7.1845607323488048E-001
 -4.3749999999999994E-001 -6.6681535423653826E-001  7.5622862493372245E-001
 -4.1249999999999992E-001 -6.1986033789554829E-001  7.9293070475303018E-001
 -3.8749999999999996E-001 -5.7219501370539971E-001  8.2831151466239805E-001
 -3.6249999999999999E-001 -5.2411110108974857E-001  8.6206884890213509E-001
 -3.3749999999999997E-001 -4.7588889891273706E-001  8.9382929456039262E-001
 -3.1249999999999994E-001 -4.2780498629710728E-001  9.2311734531991829E-001
 -2.8749999999999992E-001 -3.8013966210703282E-001  9.4930736538632732E-001
 -2.6249999999999996E-001 -3.3318464576623458E-001  9.7154307873708812E-001
 -2.3749999999999999E-001 -2.8725159698896530E-001  9.8859467351361485E-001
 -2.1249999999999997E-001 -2.4268212435923309E-001  9.9858175739269373E-001
 -1.8749999999999994E-001 -1.9986016767870027E-001  9.9837138629739675E-001
 -1.6249999999999992E-001 -1.5922800788459229E-001  9.8204864628614930E-001
 -1.3749999999999996E-001 -1.2130777670265896E-001  9.3650704739992019E-001
 -1.1249999999999999E-001 -8.6731383276064028E-002  8.1184163889320360E-001
 -8.7499999999999967E-002 -5.6283582300161124E-002  1.9212246274770706E-001
 -6.2499999999999944E-002 -3.0966133087304136E-002  6.3584802891280434E-002
 -3.7499999999999922E-002 -1.2096968125544770E-002  1.7889950785053739E-002
 -1.2499999999999956E-002 -1.4697818113378969E-003  1.6348459627771902E-003
  1.2500000000000067E-002 -1.6224164410666693E-003  1.4330608702289782E-003
  3.7500000000000089E-002 -1.6309271656846154E-002  1.1433730979300678E-002
  6.2500000000000000E-002 -5.1364020361514134E-002  2.8505471725782057E-002
  8.7500000000000022E-002 -1.1624945627798196E-001  5.0741974179569556E-002
  1.1250000000000004E-001 -2.2602973722200401E-001  7.6904402721247406E-002
  1.3750000000000007E-001 -3.9638061773133743E-001  1.0618001592417031E-001
  1.6250000000000009E-001 -6.0361938197361742E-001  1.3794437515547023E-001
  1.8750000000000011E-001 -7.7397026285195203E-001  1.7169420057143625E-001
  2.1250000000000013E-001 -8.8375054389761809E-001  2.0707559904598369E-001
  2.3750000000000004E-001 -9.4863597986187853E-001  2.4377568651922388E-001
  2.6250000000000007E-001 -9.8369072858206696E-001  2.8154768100679289E-001
  2.8750000000000009E-001 -9.9837758360008655E-001  3.2017616128706405E-001
  3.1250000000000011E-001 -9.9853021822886912E-001  3.5947487890962992E-001
  3.3750000000000013E-001 -9.8790303199961049E-001  3.9927672237805306E-001
  3.6250000000000004E-001 -9.6903386696084648E-001  4.3942893950047135E-001
  3.8750000000000007E-001 -9.4371641772201542E-001  4.7978757121968557E-001
  4.1250000000000009E-001 -9.1326861673641224E-001  5.2021475375436510E-001
  4.3750000000000011E-001 -8.7869222330557284E-001  5.6057344081713079E-001
  4.6250000000000013E-001 -8.4077199212169984E-001  6.0072585377975818E-001
  4.8750000000000004E-001 -8.0013983232641839E-001  6.4052789115382347E-001
  5.1250000000000007E-001 -7.5731787564527275E-001  6.7982704776846781E-001
  5.3750000000000009E-001 -7.1274840301525733E-001  7.1845607323488037E-001
  5.6250000000000011E-001 -6.6681535423749283E-001  7.5622862493372334E-001
  5.8750000000000013E-001 -6.1986033789651906E-001  7.9293070475303062E-001
  6.1250000000000004E-001 -5.7219501370638925E-001  8.2831151466239805E-001
  6.3750000000000007E-001 -5.2411110109074066E-001  8.6206884890213631E-001
  6.6250000000000009E-001 -4.7588889891373076E-001  8.9382929456039173E-001
  6.8750000000000011E-001 -4.2780498629808456E-001  9.2311734531991951E-001
  7.1250000000000013E-001 -3.8013966210800143E-001  9.4930736538632732E-001
  7.3750000000000004E-001 -3.3318464576717677E-001  9.7154307873708912E-001
  7.6250000000000007E-001 -2.8725159698989300E-001  9.8859467351361485E-001
  7.8750000000000009E-001 -2.4268212436013137E-001  9.9858175739269339E-001
  8.1250000000000011E-001 -1.9986016767956477E-001  9.9837138629739619E-001
  8.3750000000000013E-001 -1.5922800788539260E-001  9.8204864628614741E-001
  8.6250000000000004E-001 -1.2130777670340490E-001  9.3650704739991986E-001
  8.8750000000000007E-001 -8.6731383276731633E-002  8.1184163889320482E-001
  9.1250000000000009E-001 -5.6283582300735061E-002  1.9212246274770683E-001
  9.3750000000000011E-001 -3.0966133087760729E-002  6.3584802891280517E-002
  9.6250000000000013E-001 -1.2096968125853671E-002  1.7889950785053725E-002
  9.8750000000000004E-001 -1.4697818114553542E-003  1.6348459627772457E-003
